6 0.76875 0.46328125 0.1609375 0.0953125
6 0.496875 0.8609375 0.1390625 0.0625
6 0.41484375 0.96015625 0.1421875 0.0796875
6 0.65703125 0.8875 0.1203125 0.0578125
6 0.6578125 0.928125 0.1203125 0.0578125
6 0.34296875 0.60078125 0.115625 0.065625
6 0.5609375 0.528125 0.1125 0.065625
6 0.52890625 0.45390625 0.1296875 0.075
6 0.69140625 0.20390625 0.1859375 0.0890625
6 0.5578125 0.0859375 0.1390625 0.0765625
6 0.4375 0.0609375 0.1546875 0.0765625
6 0.41875 0.03125 0.1203125 0.0484375
6 0.1921875 0.1578125 0.1171875 0.071875
6 0.209375 0.06640625 0.09375 0.0484375
6 0.2734375 0.61328125 0.0984375 0.0671875
3 0.4828125 0.51875 0.090625 0.071875