6 0.2171875 0.2390625 0.1671875 0.05
6 0.23359375 0.08359375 0.1609375 0.0890625
6 0.54296875 0.209375 0.1203125 0.0609375
6 0.53203125 0.30703125 0.1109375 0.05
6 0.6453125 0.18359375 0.1140625 0.053125
6 0.5484375 0.4015625 0.1171875 0.05625
6 0.54453125 0.46328125 0.09375 0.0578125
6 0.521875 0.63046875 0.0984375 0.053125
6 0.5765625 0.59296875 0.1078125 0.05
6 0.40390625 0.6828125 0.1 0.0484375
6 0.47421875 0.71796875 0.08125 0.0375
6 0.48515625 0.70078125 0.0953125 0.0484375
5 0.53671875 0.74921875 0.084375 0.0578125
6 0.61796875 0.4859375 0.0703125 0.028125
6 0.6953125 0.4953125 0.0875 0.034375
3 0.69296875 0.325 0.1203125 0.0515625