6 0.70859375 0.58046875 0.2171875 0.11875
6 0.69140625 0.8703125 0.1609375 0.1046875
6 0.49140625 0.9328125 0.159375 0.0859375
6 0.5703125 0.7375 0.165625 0.1
6 0.615625 0.52109375 0.1375 0.071875
6 0.48828125 0.4875 0.1328125 0.0703125
6 0.4171875 0.5203125 0.1171875 0.0625
6 0.39453125 0.47109375 0.121875 0.06875
6 0.259375 0.53203125 0.0921875 0.053125
6 0.29453125 0.40859375 0.1328125 0.078125
6 0.378125 0.32734375 0.153125 0.0703125
4 0.42109375 0.4421875 0.0359375 0.0359375
3 0.46875 0.67109375 0.1171875 0.0578125