6 0.81640625 0.71875 0.165625 0.028125
6 0.821875 0.875 0.15625 0.06875
6 0.49765625 0.79375 0.115625 0.0453125
6 0.4953125 0.6953125 0.10625 0.0359375
6 0.40078125 0.83359375 0.109375 0.0375
6 0.465625 0.60390625 0.1125 0.0421875
6 0.4609375 0.5421875 0.0875 0.046875
6 0.46015625 0.3734375 0.096875 0.040625
6 0.41171875 0.41875 0.103125 0.0359375
6 0.56953125 0.30625 0.0953125 0.0359375
6 0.4953125 0.28046875 0.078125 0.025
6 0.48671875 0.29921875 0.090625 0.0359375
5 0.42890625 0.2578125 0.0796875 0.0484375
6 0.38515625 0.5296875 0.06875 0.01875
6 0.30703125 0.53203125 0.0859375 0.0234375
3 0.3328125 0.7 0.115625 0.0359375