6 0.40703125 0.65546875 0.053125 0.1015625
6 0.765625 0.621875 0.0703125 0.14375
6 0.75078125 0.44921875 0.0734375 0.1421875
6 0.96171875 0.4265625 0.0625 0.1421875
6 0.7328125 0.33203125 0.05625 0.0921875
6 0.84609375 0.28203125 0.034375 0.0921875
6 0.8578125 0.24296875 0.0609375 0.1078125
6 0.9265625 0.215625 0.040625 0.09375
6 0.14921875 0.475 0.053125 0.0875
6 0.46171875 0.390625 0.0609375 0.0953125
6 0.0796875 0.5796875 0.059375 0.1234375
6 0.01796875 0.45 0.0359375 0.109375
6 0.5171875 0.33203125 0.05625 0.084375
3 0.465625 0.5046875 0.0609375 0.11875