6 0.41484375 0.40859375 0.078125 0.1875
6 0.89921875 0.4890625 0.0515625 0.1453125
6 0.84453125 0.525 0.0515625 0.1484375
6 0.76640625 0.5375 0.0390625 0.1578125
6 0.7140625 0.58359375 0.0328125 0.1171875
6 0.69921875 0.54609375 0.028125 0.0984375
6 0.66953125 0.5671875 0.034375 0.109375
6 0.7 0.61796875 0.0390625 0.1015625
6 0.55 0.621875 0.059375 0.1671875
6 0.5140625 0.76875 0.0609375 0.1390625
6 0.46171875 0.71015625 0.0453125 0.1328125
6 0.37734375 0.70390625 0.0546875 0.14375
6 0.3421875 0.64921875 0.0453125 0.1171875
6 0.2671875 0.51640625 0.034375 0.1640625
6 0.28671875 0.6765625 0.03125 0.0765625
6 0.29921875 0.7421875 0.03125 0.0765625
3 0.171875 0.6078125 0.04375 0.1484375
4 0.2984375 0.62109375 0.0140625 0.0375
5 0.8828125 0.64921875 0.0546875 0.1359375
6 0.05390625 0.534375 0.04375 0.1484375