6 0.2609375 0.1984375 0.165625 0.075
6 0.3015625 0.05078125 0.165625 0.1015625
6 0.5875 0.21953125 0.1234375 0.0765625
6 0.56171875 0.31484375 0.1109375 0.065625
6 0.69296875 0.21015625 0.115625 0.06875
6 0.56328125 0.4109375 0.11875 0.0734375
6 0.55 0.47109375 0.096875 0.0703125
6 0.5015625 0.6328125 0.1015625 0.065625
6 0.5609375 0.60390625 0.109375 0.0640625
6 0.3765625 0.66484375 0.1015625 0.0625
6 0.440625 0.71171875 0.08125 0.0484375
6 0.45390625 0.69609375 0.096875 0.0609375
5 0.496875 0.75234375 0.0890625 0.06875
6 0.61875 0.5046875 0.0703125 0.0375
6 0.69375 0.52578125 0.0875 0.046875
3 0.71796875 0.35703125 0.1203125 0.06875