6 0.603125 0.56953125 0.10625 0.1953125
6 0.11328125 0.60078125 0.0734375 0.1515625
6 0.15859375 0.553125 0.0734375 0.153125
6 0.23203125 0.5234375 0.0625 0.159375
6 0.27265625 0.4671875 0.05 0.11875
6 0.2953125 0.5 0.04375 0.1
6 0.31953125 0.47265625 0.0515625 0.1125
6 0.27890625 0.4296875 0.0546875 0.1046875
6 0.42421875 0.3921875 0.084375 0.1734375
6 0.42578125 0.24140625 0.08125 0.1453125
6 0.490625 0.2859375 0.065625 0.1359375
6 0.57421875 0.27421875 0.075 0.1484375
6 0.6203125 0.31875 0.0625 0.121875
6 0.7234375 0.43203125 0.059375 0.165625
6 0.66796875 0.28046875 0.0421875 0.0796875
6 0.64140625 0.21875 0.0421875 0.0796875
3 0.7953125 0.32109375 0.065625 0.1515625
4 0.66875 0.33671875 0.01875 0.0390625
5 0.09375 0.440625 0.075 0.1421875
6 0.9265625 0.36640625 0.065625 0.1515625