6 0.54140625 0.965625 0.1546875 0.053125
6 0.4734375 0.9359375 0.1125 0.040625
6 0.428125 0.89453125 0.1328125 0.0484375
6 0.30390625 0.7375 0.140625 0.046875
6 0.58828125 0.66953125 0.1609375 0.05625
6 0.2015625 0.6125 0.121875 0.034375
6 0.16484375 0.55 0.0875 0.021875
6 0.25390625 0.52578125 0.125 0.0390625
6 0.41015625 0.4921875 0.103125 0.0328125
6 0.5203125 0.44140625 0.10625 0.046875
6 0.59609375 0.37578125 0.128125 0.0421875
6 0.44296875 0.34921875 0.115625 0.0359375
6 0.36875 0.33359375 0.11875 0.0390625
6 0.1953125 0.2078125 0.1015625 0.0359375
6 0.37265625 0.1609375 0.1078125 0.0484375
6 0.20859375 0.08125 0.1234375 0.05
6 0.46484375 0.58671875 0.0828125 0.0359375
6 0.3625 0.56640625 0.0796875 0.0234375
4 0.403125 0.553125 0.0546875 0.0234375
3 0.4296875 0.57265625 0.096875 0.03125