6 0.70546875 0.9203125 0.1609375 0.1
6 0.63203125 0.91640625 0.11875 0.075
6 0.57421875 0.89453125 0.1390625 0.0875
6 0.4015625 0.7921875 0.146875 0.090625
6 0.64296875 0.6265625 0.16875 0.1046875
6 0.2625 0.7125 0.125 0.071875
6 0.2046875 0.66640625 0.0890625 0.0484375
6 0.2796875 0.61171875 0.1328125 0.078125
6 0.41328125 0.525 0.1078125 0.0640625
6 0.4984375 0.43828125 0.115625 0.0796875
6 0.5453125 0.35 0.1359375 0.08125
6 0.39296875 0.3796875 0.1203125 0.071875
6 0.31796875 0.39140625 0.1234375 0.075
6 0.1109375 0.33671875 0.10625 0.0671875
6 0.259375 0.22890625 0.115625 0.0796875
6 0.078125 0.2140625 0.13125 0.0875
6 0.4984375 0.59375 0.090625 0.0625
6 0.39609375 0.6109375 0.08125 0.046875
4 0.428125 0.584375 0.059375 0.0390625
3 0.4609375 0.59296875 0.1015625 0.0609375