6 0.27578125 0.25 0.1953125 0.1125
6 0.32578125 0.0140625 0.1734375 0.028125
6 0.4328125 0.14765625 0.196875 0.1203125
6 0.56484375 0.1828125 0.1171875 0.0765625
6 0.6578125 0.2453125 0.1296875 0.06875
6 0.74140625 0.240625 0.1046875 0.0625
6 0.84453125 0.31875 0.10625 0.0578125
6 0.63046875 0.02890625 0.1265625 0.0578125
6 0.62421875 0.40703125 0.109375 0.0578125
6 0.5609375 0.46015625 0.134375 0.071875
6 0.61796875 0.5125 0.15 0.075
6 0.63125 0.6 0.11875 0.0640625
6 0.74140625 0.7609375 0.10625 0.065625
6 0.64609375 0.80078125 0.0875 0.071875
6 0.56328125 0.76640625 0.0953125 0.0671875
6 0.43125 0.73359375 0.1125 0.08125
4 0.50390625 0.77734375 0.0578125 0.0375