6 0.11640625 0.62109375 0.0515625 0.1578125
6 0.20546875 0.53515625 0.0546875 0.1515625
6 0.27734375 0.553125 0.059375 0.1765625
6 0.32421875 0.559375 0.0453125 0.1359375
6 0.3609375 0.43984375 0.0484375 0.153125
6 0.33125 0.44765625 0.03125 0.09375
6 0.3140625 0.3921875 0.028125 0.0890625
6 0.65 0.7125 0.0375 0.1734375
6 0.50703125 0.35703125 0.028125 0.103125
6 0.49609375 0.30546875 0.034375 0.1078125
6 0.5953125 0.24921875 0.028125 0.1203125
6 0.7328125 0.36953125 0.040625 0.1296875
6 0.77109375 0.28359375 0.05 0.0765625
6 0.85859375 0.49375 0.0453125 0.1296875
6 0.61953125 0.34609375 0.0515625 0.1234375
6 0.490625 0.41015625 0.034375 0.1078125
6 0.71484375 0.4828125 0.0390625 0.1359375
6 0.68359375 0.19765625 0.03125 0.0859375
5 0.03359375 0.38046875 0.0375 0.11875
4 0.59453125 0.30703125 0.0171875 0.03125