6 0.8125 0.72421875 0.165625 0.03125
6 0.81484375 0.88046875 0.1578125 0.0703125
6 0.49296875 0.79375 0.1171875 0.0484375
6 0.49140625 0.6953125 0.1078125 0.0375
6 0.39453125 0.83203125 0.1109375 0.0390625
6 0.46328125 0.603125 0.1140625 0.04375
6 0.46015625 0.54140625 0.0890625 0.0484375
6 0.4625 0.37265625 0.096875 0.0421875
6 0.41328125 0.4171875 0.1046875 0.0375
6 0.5734375 0.30703125 0.096875 0.0375
6 0.49921875 0.28046875 0.078125 0.0265625
6 0.490625 0.2984375 0.0921875 0.0375
5 0.43359375 0.25703125 0.0796875 0.05
6 0.38515625 0.528125 0.06875 0.0203125
6 0.30703125 0.528125 0.0859375 0.025
3 0.3296875 0.69765625 0.1171875 0.0390625