6 0.221875 0.6234375 0.071875 0.1421875
6 0.04609375 0.53828125 0.0578125 0.140625
6 0.4328125 0.6078125 0.0578125 0.125
6 0.4203125 0.4640625 0.028125 0.0796875
6 0.44921875 0.44375 0.0640625 0.15625
6 0.54921875 0.51328125 0.04375 0.0890625
6 0.5796875 0.50859375 0.05 0.121875
6 0.74140625 0.56796875 0.053125 0.1375
6 0.696875 0.35390625 0.046875 0.140625
6 0.5640625 0.2640625 0.0484375 0.128125
6 0.19140625 0.3296875 0.065625 0.10625
6 0.078125 0.25859375 0.05625 0.134375
3 0.3765625 0.43671875 0.040625 0.103125
4 0.528125 0.5140625 0.0234375 0.0578125