6 0.56640625 0.89609375 0.1625 0.0734375
6 0.49375 0.79609375 0.15625 0.075
6 0.521875 0.72734375 0.18125 0.0828125
6 0.534375 0.68203125 0.1390625 0.0640625
6 0.42109375 0.6296875 0.15625 0.06875
6 0.425 0.659375 0.0953125 0.04375
6 0.3671875 0.66953125 0.090625 0.0390625
6 0.73125 0.38125 0.175 0.0609375
6 0.359375 0.47265625 0.1046875 0.0421875
6 0.30625 0.47734375 0.109375 0.05
6 0.26484375 0.3703125 0.121875 0.04375
6 0.403125 0.2515625 0.1328125 0.0578125
6 0.3234375 0.2015625 0.08125 0.059375
6 0.54375 0.14453125 0.1328125 0.0625
6 0.3640625 0.36015625 0.128125 0.0671875
6 0.409375 0.496875 0.109375 0.05
6 0.5125 0.28515625 0.1390625 0.0578125
6 0.22578125 0.2765625 0.0875 0.0421875
5 0.31640625 0.9453125 0.121875 0.053125
4 0.321875 0.3796875 0.0328125 0.0203125