6 0.37890625 0.11640625 0.1578125 0.0515625
6 0.46484375 0.20546875 0.1515625 0.0546875
6 0.446875 0.27734375 0.1765625 0.059375
6 0.440625 0.32421875 0.1359375 0.0453125
6 0.56015625 0.3609375 0.153125 0.0484375
6 0.55234375 0.33125 0.09375 0.03125
6 0.6078125 0.3140625 0.0890625 0.028125
6 0.2875 0.65 0.1734375 0.0375
6 0.64296875 0.50703125 0.103125 0.028125
6 0.69453125 0.49609375 0.1078125 0.034375
6 0.75078125 0.5953125 0.1203125 0.028125
6 0.63046875 0.7328125 0.1296875 0.040625
6 0.71640625 0.77109375 0.0765625 0.05
6 0.50625 0.85859375 0.1296875 0.0453125
6 0.65390625 0.61953125 0.1234375 0.0515625
6 0.58984375 0.490625 0.1078125 0.034375
6 0.5171875 0.71484375 0.1359375 0.0390625
6 0.80234375 0.68359375 0.0859375 0.03125
5 0.61953125 0.03359375 0.11875 0.0375
4 0.69296875 0.59453125 0.03125 0.0171875