6 0.51484375 0.2296875 0.06875 0.1515625
6 0.85390625 0.571875 0.0375 0.134375
6 0.94140625 0.67265625 0.065625 0.1328125
6 0.91015625 0.4203125 0.0359375 0.115625
6 0.95 0.4265625 0.0359375 0.115625
6 0.56875 0.6734375 0.0453125 0.109375
6 0.5390625 0.4453125 0.0453125 0.10625
6 0.46015625 0.46328125 0.0515625 0.1234375
6 0.2453125 0.25546875 0.05625 0.1796875
6 0.1046875 0.3640625 0.0515625 0.1328125
6 0.05703125 0.47734375 0.05 0.15
6 0.02421875 0.490625 0.0265625 0.1171875
6 0.10546875 0.73671875 0.0515625 0.1109375
6 0.01875 0.703125 0.0328125 0.0890625
6 0.56796875 0.74453125 0.0515625 0.0921875
3 0.51484375 0.52109375 0.0578125 0.0828125