6 0.3578125 0.23125 0.1390625 0.0625
6 0.43046875 0.04921875 0.1375 0.0484375
6 0.3875 0.43984375 0.1234375 0.0484375
6 0.53046875 0.41796875 0.078125 0.021875
6 0.55234375 0.4453125 0.153125 0.0546875
6 0.490625 0.55 0.0859375 0.0375
6 0.496875 0.58046875 0.11875 0.040625
6 0.44921875 0.7453125 0.134375 0.04375
6 0.659375 0.68671875 0.1375 0.0375
6 0.73984375 0.546875 0.1265625 0.0390625
6 0.6484375 0.1796875 0.103125 0.0578125
6 0.71171875 0.0625 0.13125 0.046875
3 0.5546875 0.37265625 0.1015625 0.0328125
4 0.4875 0.52890625 0.05625 0.0203125