6 0.46484375 0.20625 0.196875 0.1359375
6 0.63671875 0.20390625 0.1421875 0.078125
6 0.678125 0.246875 0.140625 0.0859375
6 0.83125 0.215625 0.11875 0.0546875
6 0.809375 0.24765625 0.0890625 0.065625
6 0.771875 0.365625 0.0953125 0.0640625
6 0.71953125 0.4078125 0.0921875 0.0625
6 0.56640625 0.42734375 0.1375 0.065625
6 0.60703125 0.503125 0.0859375 0.05625
6 0.65234375 0.51875 0.065625 0.0453125
6 0.61953125 0.60859375 0.115625 0.0859375
6 0.596875 0.71015625 0.0828125 0.0421875
6 0.559375 0.66875 0.10625 0.0640625
6 0.43671875 0.63203125 0.1265625 0.0734375
4 0.553125 0.51328125 0.0328125 0.028125
3 0.6234375 0.40234375 0.1203125 0.0671875