6 0.71953125 0.771875 0.1984375 0.0828125
6 0.75625 0.55703125 0.14375 0.05625
6 0.48671875 0.70234375 0.1765625 0.059375
6 0.33359375 0.78046875 0.140625 0.034375
6 0.48671875 0.5890625 0.15 0.0453125
6 0.31015625 0.628125 0.0859375 0.021875
6 0.2515625 0.690625 0.0765625 0.0171875
6 0.2625 0.60859375 0.0703125 0.021875
6 0.34921875 0.4453125 0.1390625 0.0453125
6 0.32265625 0.39609375 0.1359375 0.0296875
6 0.33671875 0.28515625 0.1 0.03125
6 0.45859375 0.09140625 0.1296875 0.028125
6 0.46328125 0.025 0.1625 0.05
6 0.29296875 0.4828125 0.109375 0.0296875
6 0.2796875 0.45 0.06875 0.0109375
3 0.22421875 0.6765625 0.0734375 0.0171875
3 0.45625 0.48671875 0.134375 0.0546875