6 0.278125 0.34609375 0.1671875 0.0765625
6 0.46171875 0.515625 0.1078125 0.0546875
6 0.42734375 0.67734375 0.128125 0.04375
6 0.48984375 0.82421875 0.1140625 0.0609375
6 0.61953125 0.4125 0.1 0.040625
6 0.34453125 0.11875 0.1375 0.05
6 0.71328125 0.1671875 0.075 0.0359375
6 0.66875 0.10078125 0.0890625 0.0390625
6 0.60390625 0.496875 0.125 0.065625
6 0.67109375 0.59453125 0.1015625 0.0484375
6 0.5953125 0.86953125 0.0984375 0.05625
6 0.6875 0.49375 0.0671875 0.025
3 0.52890625 0.053125 0.0984375 0.059375