6 0.29453125 0.2171875 0.2015625 0.09375
6 0.24765625 0.4296875 0.1453125 0.0640625
6 0.5234375 0.2984375 0.178125 0.0671875
6 0.68125 0.228125 0.1421875 0.0421875
6 0.51796875 0.41171875 0.1515625 0.053125
6 0.69609375 0.38203125 0.0859375 0.0265625
6 0.75859375 0.32265625 0.078125 0.021875
6 0.74296875 0.40390625 0.071875 0.0265625
6 0.64765625 0.5625 0.140625 0.0515625
6 0.671875 0.61328125 0.1359375 0.0375
6 0.6515625 0.7234375 0.1 0.0359375
6 0.51953125 0.9109375 0.1296875 0.034375
6 0.51171875 0.9734375 0.1640625 0.053125
6 0.70625 0.528125 0.1109375 0.0359375
6 0.7171875 0.56171875 0.06875 0.015625
3 0.78515625 0.33828125 0.075 0.0203125
3 0.54296875 0.515625 0.1375 0.0609375