6 0.53671875 0.64140625 0.1546875 0.0828125
6 0.43984375 0.596875 0.16875 0.0234375
6 0.44140625 0.56640625 0.1515625 0.0453125
6 0.44609375 0.48515625 0.1546875 0.0390625
6 0.50546875 0.37578125 0.1484375 0.04375
6 0.37265625 0.44609375 0.13125 0.046875
6 0.39921875 0.33125 0.1703125 0.03125
6 0.40703125 0.2765625 0.1453125 0.0390625
6 0.33984375 0.340625 0.121875 0.0359375
6 0.40234375 0.22734375 0.121875 0.04375
6 0.57421875 0.1875 0.1390625 0.0421875
6 0.3796875 0.171875 0.1453125 0.0265625
6 0.30390625 0.17109375 0.1625 0.0390625
6 0.2828125 0.228125 0.1265625 0.03125
6 0.346875 0.06328125 0.121875 0.0359375
6 0.290625 0.0890625 0.1140625 0.03125
5 0.36015625 0.62578125 0.0734375 0.04375
3 0.1328125 0.06015625 0.1109375 0.0390625