6 0.378125 0.91875 0.053125 0.1625
6 0.58125 0.659375 0.0515625 0.1359375
6 0.81640625 0.7078125 0.053125 0.09375
6 0.8125 0.6046875 0.053125 0.1375
6 0.6703125 0.43671875 0.0390625 0.128125
6 0.628125 0.4296875 0.0515625 0.128125
6 0.46171875 0.5203125 0.040625 0.1078125
6 0.53671875 0.3078125 0.04375 0.1
6 0.23828125 0.5578125 0.021875 0.1171875
6 0.2296875 0.453125 0.0515625 0.078125
6 0.0890625 0.37421875 0.0359375 0.0859375
6 0.12578125 0.30625 0.0234375 0.096875
6 0.2609375 0.375 0.028125 0.0671875
6 0.28515625 0.46640625 0.021875 0.06875
6 0.39140625 0.4265625 0.015625 0.1015625
6 0.39140625 0.33828125 0.0234375 0.084375
6 0.44140625 0.36875 0.0140625 0.1015625
6 0.453125 0.365625 0.0265625 0.090625
3 0.44609375 0.4421875 0.0359375 0.13125