6 0.77109375 0.49140625 0.15625 0.08125
6 0.459375 0.85859375 0.1375 0.05
6 0.36640625 0.9546875 0.1375 0.078125
6 0.615625 0.9015625 0.11875 0.046875
6 0.6125 0.9421875 0.11875 0.046875
6 0.33359375 0.58359375 0.1140625 0.0546875
6 0.5578125 0.534375 0.1109375 0.0546875
6 0.53359375 0.45703125 0.1265625 0.0625
6 0.721875 0.225 0.1828125 0.071875
6 0.60078125 0.09453125 0.1359375 0.0640625
6 0.484375 0.05703125 0.153125 0.0625
6 0.46796875 0.025 0.11875 0.0375
6 0.2296875 0.128125 0.1140625 0.0609375
6 0.25625 0.03828125 0.0921875 0.040625
6 0.2625 0.5890625 0.0953125 0.059375
3 0.48046875 0.5171875 0.0859375 0.0640625