6 0.35703125 0.38828125 0.1 0.0421875
6 0.346875 0.7484375 0.140625 0.0546875
6 0.5203125 0.75546875 0.1375 0.0578125
6 0.51640625 0.9671875 0.140625 0.046875
6 0.63828125 0.7515625 0.0875 0.0453125
6 0.67421875 0.86953125 0.0921875 0.0234375
6 0.71171875 0.8859375 0.1046875 0.05
6 0.7296875 0.95859375 0.0921875 0.0296875
6 0.56796875 0.15546875 0.084375 0.040625
6 0.61328125 0.475 0.090625 0.0515625
6 0.471875 0.0734375 0.1203125 0.04375
6 0.609375 0.0203125 0.10625 0.040625
6 0.66484375 0.5375 0.08125 0.046875
3 0.49921875 0.465625 0.115625 0.0484375