6 0.3671875 0.3765625 0.096875 0.034375
6 0.32578125 0.734375 0.1375 0.0421875
6 0.49765625 0.75625 0.134375 0.046875
6 0.47578125 0.9671875 0.1375 0.034375
6 0.615625 0.7625 0.084375 0.0375
6 0.64140625 0.88359375 0.090625 0.015625
6 0.67734375 0.903125 0.1015625 0.040625
6 0.6890625 0.9765625 0.0921875 0.021875
6 0.59765625 0.1625 0.08125 0.034375
6 0.61484375 0.48515625 0.0875 0.04375
6 0.509375 0.07265625 0.1171875 0.034375
6 0.6515625 0.02578125 0.103125 0.04375
6 0.6609375 0.5515625 0.078125 0.040625
3 0.50234375 0.465625 0.1125 0.0390625