6 0.07421875 0.47578125 0.0953125 0.165625
6 0.63203125 0.80703125 0.0921875 0.1765625
6 0.21484375 0.88046875 0.10625 0.1390625
6 0.33046875 0.44296875 0.08125 0.1078125
6 0.61171875 0.54453125 0.0828125 0.1484375
6 0.40625 0.3046875 0.084375 0.134375
6 0.6125 0.40078125 0.0734375 0.1375
6 0.665625 0.51953125 0.0703125 0.1203125
6 0.9046875 0.71328125 0.0703125 0.1453125
6 0.92890625 0.3734375 0.075 0.11875
6 0.6609375 0.44765625 0.0671875 0.11875
6 0.9390625 0.50390625 0.040625 0.075
3 0.92265625 0.571875 0.0625 0.103125