6 0.26328125 0.690625 0.0828125 0.1453125
6 0.07109375 0.65390625 0.06875 0.14375
6 0.4625 0.621875 0.0671875 0.128125
6 0.41328125 0.4859375 0.034375 0.08125
6 0.43671875 0.45859375 0.0765625 0.15625
6 0.55078125 0.5 0.0515625 0.0890625
6 0.5796875 0.4875 0.0578125 0.1234375
6 0.75078125 0.503125 0.065625 0.1390625
6 0.65234375 0.3078125 0.0578125 0.140625
6 0.50078125 0.25546875 0.059375 0.1296875
6 0.15703125 0.41484375 0.0734375 0.109375
6 0.03125 0.375 0.0625 0.1375
3 0.36484375 0.4703125 0.0484375 0.1046875
4 0.53046875 0.50625 0.028125 0.059375