6 0.2421875 0.4171875 0.1671875 0.0796875
6 0.46796875 0.5265625 0.109375 0.05625
6 0.4828125 0.690625 0.128125 0.046875
6 0.58515625 0.81328125 0.115625 0.0640625
6 0.5890625 0.38125 0.1 0.0421875
6 0.23984375 0.18046875 0.1375 0.053125
6 0.60625 0.11953125 0.075 0.0359375
6 0.54453125 0.06875 0.0890625 0.040625
6 0.5984375 0.4671875 0.125 0.0671875
6 0.69140625 0.53984375 0.1015625 0.05
6 0.69921875 0.825 0.1 0.0578125
6 0.678125 0.4390625 0.0671875 0.025
3 0.396875 0.0640625 0.0984375 0.0609375