6 0.47578125 0.35625 0.1609375 0.0953125
6 0.56875 0.40859375 0.1703125 0.0390625
6 0.5640625 0.4390625 0.153125 0.0578125
6 0.55234375 0.51953125 0.1578125 0.053125
6 0.48359375 0.6234375 0.15 0.05625
6 0.621875 0.56484375 0.134375 0.0578125
6 0.5859375 0.6765625 0.1734375 0.046875
6 0.5734375 0.73046875 0.1484375 0.05
6 0.6453125 0.67265625 0.125 0.046875
6 0.5734375 0.78046875 0.125 0.0546875
6 0.3984375 0.8046875 0.1421875 0.0546875
6 0.59140625 0.8375 0.1484375 0.0390625
6 0.66640625 0.84453125 0.165625 0.053125
6 0.69296875 0.78984375 0.1265625 0.0421875
6 0.61484375 0.9484375 0.125 0.046875
6 0.67265625 0.92734375 0.115625 0.040625
5 0.65 0.38671875 0.075 0.05
3 0.82734375 0.9703125 0.1125 0.0484375