3 0.51171875 0.4421875 0.046875 0.0984375
6 0.3828125 0.93984375 0.05 0.103125
6 0.29921875 0.603125 0.05625 0.125
6 0.2765625 0.48984375 0.0390625 0.103125
6 0.1046875 0.4515625 0.0671875 0.140625
6 0.1078125 0.38046875 0.0546875 0.1234375
6 0.14765625 0.30703125 0.06875 0.096875
6 0.32109375 0.38359375 0.0421875 0.090625
6 0.39921875 0.32265625 0.05 0.115625
6 0.35703125 0.28046875 0.04375 0.1015625
6 0.4703125 0.35078125 0.065625 0.15
6 0.56484375 0.3046875 0.0390625 0.0859375
6 0.59140625 0.37265625 0.04375 0.090625
6 0.65234375 0.425 0.0375 0.096875
6 0.703125 0.46796875 0.046875 0.125
6 0.88515625 0.6734375 0.0640625 0.134375
6 0.9015625 0.7734375 0.0734375 0.1578125
6 0.59140625 0.7171875 0.059375 0.1421875
6 0.5703125 0.54296875 0.0546875 0.1203125
6 0.49453125 0.4359375 0.0359375 0.1015625