6 0.12890625 0.65390625 0.0546875 0.1578125
6 0.21015625 0.5609375 0.0578125 0.153125
6 0.2828125 0.57265625 0.0625 0.178125
6 0.33046875 0.575 0.046875 0.1359375
6 0.35625 0.45234375 0.0515625 0.153125
6 0.32734375 0.4625 0.0328125 0.09375
6 0.30546875 0.40859375 0.0296875 0.0890625
6 0.66796875 0.6984375 0.040625 0.1734375
6 0.49453125 0.35703125 0.0296875 0.103125
6 0.47890625 0.30625 0.0375 0.1078125
6 0.5734375 0.2421875 0.0296875 0.121875
6 0.7203125 0.35 0.04375 0.1296875
6 0.75078125 0.2609375 0.05 0.078125
6 0.85625 0.4625 0.0484375 0.1296875
6 0.60546875 0.33671875 0.053125 0.1234375
6 0.4828125 0.4109375 0.0375 0.1078125
6 0.7125 0.4640625 0.040625 0.1359375
6 0.65625 0.1828125 0.0328125 0.0859375
5 0.025 0.421875 0.0390625 0.1203125
4 0.57734375 0.29921875 0.0171875 0.03125