6 0.46328125 0.35859375 0.1546875 0.0828125
6 0.56015625 0.403125 0.16875 0.025
6 0.55859375 0.43359375 0.15 0.0453125
6 0.55390625 0.51484375 0.1546875 0.0390625
6 0.49453125 0.62421875 0.146875 0.04375
6 0.62734375 0.55390625 0.13125 0.046875
6 0.60078125 0.66875 0.171875 0.03125
6 0.59296875 0.7234375 0.1453125 0.0375
6 0.66015625 0.659375 0.121875 0.0375
6 0.59765625 0.77265625 0.121875 0.04375
6 0.42578125 0.8125 0.1390625 0.04375
6 0.6203125 0.828125 0.146875 0.025
6 0.69609375 0.82890625 0.1625 0.0390625
6 0.7171875 0.771875 0.125 0.03125
6 0.653125 0.93671875 0.121875 0.0359375
6 0.709375 0.9109375 0.1125 0.03125
5 0.63984375 0.37421875 0.071875 0.04375
3 0.8671875 0.93984375 0.109375 0.0390625