6 0.81484375 0.26796875 0.0515625 0.1296875
6 0.8265625 0.471875 0.0640625 0.16875
6 0.71796875 0.56875 0.0671875 0.1546875
6 0.6953125 0.74765625 0.06875 0.1140625
6 0.5671875 0.671875 0.040625 0.084375
6 0.5390625 0.64453125 0.046875 0.08125
6 0.5765625 0.50703125 0.0578125 0.0984375
6 0.64765625 0.425 0.0703125 0.1078125
6 0.5890625 0.31328125 0.053125 0.153125
6 0.36640625 0.83984375 0.0625 0.140625
6 0.15234375 0.71484375 0.1015625 0.1421875
6 0.078125 0.6890625 0.0359375 0.1046875
6 0.08046875 0.390625 0.0703125 0.1609375
6 0.20703125 0.46328125 0.06875 0.1203125
6 0.390625 0.61953125 0.0375 0.0765625
3 0.41953125 0.5171875 0.0453125 0.109375
4 0.390625 0.46875 0.040625 0.078125