6 0.165625 0.309375 0.1671875 0.0359375
6 0.146875 0.15390625 0.1578125 0.0765625
6 0.4765625 0.20703125 0.11875 0.0515625
6 0.48828125 0.3046875 0.1078125 0.0421875
6 0.5703125 0.159375 0.1109375 0.04375
6 0.52578125 0.39296875 0.115625 0.046875
6 0.53515625 0.4546875 0.090625 0.0515625
6 0.55078125 0.62265625 0.096875 0.0453125
6 0.5953125 0.5734375 0.1046875 0.0421875
6 0.44765625 0.69921875 0.096875 0.040625
6 0.52421875 0.71875 0.0796875 0.0296875
6 0.53046875 0.69921875 0.0921875 0.040625
5 0.59140625 0.73515625 0.08125 0.0515625
6 0.61171875 0.46015625 0.0703125 0.021875
6 0.6890625 0.4515625 0.0859375 0.028125
3 0.6484375 0.2859375 0.1171875 0.0421875