6 0.16875 0.446875 0.1953125 0.115625
6 0.0609375 0.2015625 0.121875 0.10625
6 0.22578125 0.26796875 0.196875 0.1234375
6 0.35078125 0.2125 0.1171875 0.078125
6 0.4625 0.20234375 0.1296875 0.0703125
6 0.52421875 0.146875 0.1046875 0.0640625
6 0.653125 0.1421875 0.1046875 0.059375
6 0.3046875 0.05 0.1265625 0.0625
6 0.53828125 0.35 0.1078125 0.059375
6 0.521875 0.43046875 0.134375 0.075
6 0.59921875 0.43515625 0.15 0.078125
6 0.66484375 0.4953125 0.11875 0.065625
6 0.8515625 0.55078125 0.10625 0.0671875
6 0.80234375 0.64140625 0.0875 0.071875
6 0.7171875 0.6671875 0.0953125 0.0671875
6 0.59375 0.72421875 0.1125 0.08125
4 0.67734375 0.71328125 0.0578125 0.0375