6 0.42265625 0.7703125 0.0703125 0.21875
6 0.259375 0.46875 0.0296875 0.1515625
3 0.3375 0.4484375 0.040625 0.159375
6 0.02734375 0.47578125 0.034375 0.1375
6 0.1734375 0.334375 0.025 0.096875
6 0.0890625 0.31171875 0.0171875 0.1
6 0.18125 0.26640625 0.0421875 0.065625
6 0.30078125 0.3328125 0.0296875 0.1
6 0.32890625 0.3203125 0.015625 0.0828125
6 0.40078125 0.3203125 0.046875 0.125
6 0.55625 0.40625 0.034375 0.115625
6 0.53984375 0.28359375 0.0234375 0.0921875
6 0.57421875 0.28203125 0.0375 0.090625
6 0.72890625 0.42109375 0.0421875 0.1046875
6 0.76640625 0.68359375 0.0390625 0.14375
4 0.6359375 0.3390625 0.028125 0.0640625
3 0.01875 0.26875 0.0375 0.134375