6 0.64140625 0.6140625 0.0984375 0.040625
6 0.6578125 0.25390625 0.140625 0.053125
6 0.484375 0.24453125 0.1375 0.05625
6 0.49140625 0.03203125 0.1390625 0.04375
6 0.36640625 0.24609375 0.0875 0.04375
6 0.33203125 0.12734375 0.0921875 0.021875
6 0.2953125 0.11015625 0.1046875 0.046875
6 0.278125 0.0375 0.0921875 0.028125
6 0.42578125 0.84375 0.0828125 0.040625
6 0.38671875 0.52265625 0.090625 0.05
6 0.5203125 0.92734375 0.1203125 0.0421875
6 0.38125 0.97890625 0.10625 0.0421875
6 0.3359375 0.46015625 0.08125 0.0453125
3 0.5 0.534375 0.115625 0.0453125