6 0.41171875 0.41171875 0.071875 0.184375
6 0.8984375 0.475 0.046875 0.1453125
6 0.8453125 0.51328125 0.046875 0.146875
6 0.7671875 0.528125 0.0328125 0.15625
6 0.7171875 0.57578125 0.028125 0.115625
6 0.70078125 0.5390625 0.025 0.096875
6 0.671875 0.5609375 0.03125 0.1078125
6 0.70390625 0.6109375 0.0359375 0.1
6 0.55390625 0.6203125 0.053125 0.165625
6 0.5234375 0.76796875 0.05625 0.1375
6 0.46875 0.71171875 0.040625 0.13125
6 0.384375 0.7078125 0.0484375 0.1421875
6 0.34765625 0.6546875 0.040625 0.115625
6 0.26796875 0.52421875 0.028125 0.1625
6 0.29296875 0.68359375 0.028125 0.075
6 0.3078125 0.74921875 0.028125 0.075
3 0.17578125 0.61953125 0.0390625 0.146875
4 0.303125 0.628125 0.0125 0.0375
5 0.8875 0.6359375 0.05 0.134375
6 0.05546875 0.55 0.0390625 0.146875