6 0.43515625 0.23671875 0.109375 0.1625
6 0.859375 0.465625 0.075 0.1390625
6 0.9609375 0.53515625 0.078125 0.1453125
6 0.86875 0.30390625 0.06875 0.1203125
6 0.909375 0.29765625 0.06875 0.1203125
6 0.61640625 0.6453125 0.075 0.1171875
6 0.52109375 0.43671875 0.075 0.1140625
6 0.4515625 0.4765625 0.0859375 0.13125
6 0.18515625 0.33984375 0.10625 0.1859375
6 0.08203125 0.48515625 0.0875 0.140625
6 0.0703125 0.6078125 0.090625 0.15625
6 0.0421875 0.6296875 0.059375 0.11875
6 0.1921875 0.84140625 0.08125 0.11875
6 0.09921875 0.834375 0.0578125 0.09375
6 0.63671875 0.71328125 0.075 0.1015625
3 0.5203125 0.515625 0.078125 0.0953125