6 0.84296875 0.746875 0.1828125 0.059375
6 0.84609375 0.91640625 0.1703125 0.0546875
6 0.53515625 0.875 0.1109375 0.0578125
6 0.5078125 0.75078125 0.1453125 0.0625
6 0.27421875 0.715625 0.115625 0.0453125
6 0.4734375 0.58515625 0.1078125 0.0578125
6 0.33828125 0.56484375 0.0953125 0.05625
6 0.42265625 0.41640625 0.125 0.040625
6 0.4953125 0.33125 0.1359375 0.0484375
6 0.428125 0.378125 0.1359375 0.0375
6 0.4015625 0.25859375 0.10625 0.0390625
6 0.47890625 0.4921875 0.09375 0.03125
6 0.4515625 0.478125 0.0875 0.0375
6 0.446875 0.525 0.084375 0.025
6 0.41484375 0.93359375 0.103125 0.0359375
4 0.46796875 0.54296875 0.04375 0.0234375
3 0.3765625 0.75390625 0.109375 0.0453125