6 0.30625 0.83984375 0.0796875 0.1328125
6 0.21328125 0.65859375 0.1015625 0.1734375
6 0.27265625 0.5265625 0.1 0.159375
6 0.2203125 0.353125 0.0921875 0.1234375
6 0.36875 0.3703125 0.059375 0.0890625
6 0.40546875 0.38359375 0.0640625 0.0875
6 0.42734375 0.525 0.0765625 0.1046875
6 0.3953125 0.62890625 0.0921875 0.1171875
6 0.49453125 0.70703125 0.0890625 0.15625
6 0.48359375 0.13515625 0.0921875 0.146875
6 0.7296875 0.1625 0.1296875 0.1546875
6 0.80859375 0.15546875 0.059375 0.10625
6 0.92734375 0.4296875 0.10625 0.16875
6 0.7828125 0.4140625 0.09375 0.1296875
6 0.55078125 0.34609375 0.053125 0.0796875
3 0.56640625 0.4515625 0.06875 0.1125
4 0.6125 0.484375 0.059375 0.0828125