6 0.75078125 0.6 0.165625 0.06875
6 0.53359375 0.47578125 0.1078125 0.0515625
6 0.53046875 0.3109375 0.128125 0.0375
6 0.43671875 0.18125 0.1125 0.05625
6 0.403125 0.61171875 0.1015625 0.0359375
6 0.7375 0.83671875 0.1359375 0.04375
6 0.3671875 0.87265625 0.071875 0.03125
6 0.425 0.9265625 0.0875 0.0359375
6 0.39921875 0.52578125 0.1234375 0.0625
6 0.31171875 0.446875 0.1 0.04375
6 0.3234375 0.16171875 0.0984375 0.0515625
6 0.31796875 0.54765625 0.0671875 0.021875
3 0.57265625 0.9421875 0.0953125 0.0546875