6 0.6515625 0.8515625 0.14375 0.09375
6 0.50234375 0.90546875 0.159375 0.0515625
6 0.50234375 0.871875 0.134375 0.0453125
6 0.46328125 0.77109375 0.2 0.1015625
6 0.603125 0.603125 0.1515625 0.06875
6 0.4453125 0.59453125 0.1296875 0.0640625
6 0.40859375 0.4984375 0.10625 0.046875
6 0.33984375 0.553125 0.1 0.0546875
6 0.25234375 0.5765625 0.0890625 0.0328125
6 0.23359375 0.46640625 0.109375 0.05
6 0.35078125 0.3703125 0.121875 0.0453125
6 0.3265625 0.3 0.1140625 0.059375
6 0.309375 0.109375 0.103125 0.0546875
6 0.45234375 0.2359375 0.1015625 0.0546875
6 0.54453125 0.153125 0.13125 0.059375
6 0.7234375 0.3640625 0.1390625 0.078125
3 0.5140625 0.45078125 0.146875 0.059375
4 0.371875 0.4 0.0421875 0.01875