6 0.20390625 0.3140625 0.20625 0.121875
6 0.2390625 0.52890625 0.1484375 0.0859375
6 0.44609375 0.30390625 0.1796875 0.0953125
6 0.565625 0.18046875 0.1390625 0.0640625
6 0.48359375 0.4109375 0.1515625 0.0765625
6 0.6375 0.3171875 0.0859375 0.040625
6 0.6734375 0.2390625 0.075 0.0328125
6 0.6890625 0.31953125 0.071875 0.0375
6 0.66015625 0.503125 0.1421875 0.0734375
6 0.7015625 0.540625 0.1359375 0.059375
6 0.72421875 0.65 0.1015625 0.0515625
6 0.671875 0.8734375 0.1296875 0.05625
6 0.68984375 0.9375 0.165625 0.084375
6 0.7015625 0.4484375 0.1078125 0.05
6 0.72421875 0.47578125 0.06875 0.028125
3 0.70390625 0.24296875 0.0734375 0.0328125
3 0.54609375 0.4984375 0.1390625 0.08125