6 0.59296875 0.41640625 0.1875 0.08125
6 0.50390625 0.89921875 0.146875 0.0546875
6 0.46875 0.84453125 0.15 0.0546875
6 0.4578125 0.765625 0.1578125 0.0421875
6 0.41328125 0.71328125 0.1171875 0.034375
6 0.45078125 0.6984375 0.0984375 0.0296875
6 0.43046875 0.66875 0.109375 0.0375
6 0.37890625 0.69765625 0.1015625 0.040625
6 0.37734375 0.54765625 0.16875 0.0625
6 0.23125 0.509375 0.1421875 0.0640625
6 0.28984375 0.4578125 0.1328125 0.046875
6 0.2984375 0.3734375 0.14375 0.05625
6 0.353125 0.33984375 0.1171875 0.046875
6 0.48828125 0.2671875 0.165625 0.0359375
6 0.32734375 0.28359375 0.0765625 0.03125
6 0.2609375 0.2953125 0.0765625 0.03125
3 0.39765625 0.1703125 0.15 0.046875
4 0.38203125 0.296875 0.0390625 0.0140625
5 0.34375 0.8796875 0.1375 0.05625
6 0.4734375 0.053125 0.1484375 0.046875