6 0.2859375 0.334375 0.16875 0.0859375
6 0.4609375 0.5140625 0.109375 0.059375
6 0.41875 0.6734375 0.128125 0.05
6 0.47265625 0.8234375 0.115625 0.0671875
6 0.62421875 0.41875 0.1 0.0453125
6 0.36484375 0.1109375 0.1375 0.0578125
6 0.73046875 0.17890625 0.075 0.0390625
6 0.68984375 0.11015625 0.0890625 0.04375
6 0.60390625 0.50234375 0.1265625 0.071875
6 0.66640625 0.603125 0.1015625 0.053125
6 0.5765625 0.8734375 0.1 0.0609375
6 0.6875 0.50390625 0.0671875 0.028125
3 0.55234375 0.0546875 0.1 0.0640625