6 0.32578125 0.63984375 0.1140625 0.21875
6 0.08359375 0.48046875 0.0984375 0.1578125
6 0.12890625 0.2765625 0.08125 0.159375
6 0.259375 0.4421875 0.0953125 0.1640625
6 0.4234375 0.58984375 0.065625 0.1359375
6 0.51640625 0.49609375 0.065625 0.1328125
6 0.5234375 0.41796875 0.0578125 0.1171875
6 0.578125 0.42265625 0.0640625 0.121875
6 0.5921875 0.27578125 0.05 0.0921875
6 0.68203125 0.3671875 0.0734375 0.1328125
6 0.71015625 0.48046875 0.065625 0.153125
4 0.58984375 0.46015625 0.034375 0.0359375
3 0.36796875 0.3875 0.0546875 0.1171875