5 0.265625 0.28984375 0.375 0.19375
6 0.196875 0.72734375 0.10625 0.0546875
6 0.2078125 0.75078125 0.1 0.0421875
6 0.13125 0.5328125 0.103125 0.05
6 0.1125 0.475 0.0953125 0.046875
6 0.115625 0.4484375 0.0859375 0.0390625
6 0.15078125 0.615625 0.0984375 0.05625
6 0.128125 0.60078125 0.0671875 0.04375
6 0.1265625 0.6828125 0.040625 0.028125
6 0.21796875 0.8328125 0.05 0.040625
6 0.18203125 0.78203125 0.090625 0.0484375
6 0.14453125 0.70234375 0.0375 0.028125
6 0.0984375 0.56640625 0.05625 0.028125
3 0.11171875 0.58125 0.0578125 0.03125