5 0.475 0.1109375 0.209375 0.121875
6 0.30078125 0.490625 0.278125 0.0953125
6 0.2328125 0.4265625 0.25 0.0734375
6 0.23671875 0.67421875 0.2109375 0.075
6 0.2171875 0.31171875 0.1640625 0.0625
6 0.2140625 0.24921875 0.128125 0.05
6 0.253125 0.1640625 0.1 0.0453125
6 0.27890625 0.1265625 0.0953125 0.0328125
6 0.30859375 0.090625 0.1 0.0484375
6 0.17421875 0.7015625 0.11875 0.05
6 0.11484375 0.5578125 0.090625 0.0375
6 0.09609375 0.6546875 0.053125 0.0328125
6 0.14921875 0.3640625 0.0671875 0.028125
3 0.15859375 0.2703125 0.0609375 0.028125
6 0.09375 0.5953125 0.05 0.0328125
6 0.0921875 0.53046875 0.0390625 0.021875
6 0.103125 0.68359375 0.0328125 0.021875