6 0.934375 0.62265625 0.040625 0.1640625
6 0.54609375 0.728125 0.025 0.10625
6 0.5609375 0.771875 0.03125 0.11875
6 0.44765625 0.58828125 0.04375 0.14375
6 0.4828125 0.7265625 0.028125 0.1140625
6 0.39140625 0.58359375 0.0296875 0.1296875
6 0.34140625 0.625 0.046875 0.165625
6 0.3984375 0.6421875 0.04375 0.1609375
6 0.3953125 0.7421875 0.0296875 0.1234375
6 0.446875 0.76796875 0.028125 0.0953125
6 0.46171875 0.7703125 0.021875 0.0875
4 0.425 0.71796875 0.0171875 0.046875
5 0.1515625 0.70625 0.0453125 0.1453125
3 0.746875 0.7578125 0.0453125 0.1296875