6 0.046875 0.63125 0.09375 0.25
6 0.015625 0.55078125 0.03125 0.2734375
6 0.3984375 0.36796875 0.0859375 0.1453125
6 0.446875 0.4875 0.096875 0.165625
6 0.5046875 0.521875 0.0765625 0.1359375
6 0.58984375 0.35859375 0.0765625 0.140625
6 0.659375 0.50859375 0.0984375 0.1796875
6 0.76484375 0.5421875 0.078125 0.1453125
6 0.74296875 0.4859375 0.071875 0.134375
6 0.84296875 0.39453125 0.0796875 0.1296875
6 0.35703125 0.1859375 0.08125 0.1453125
6 0.25390625 0.1375 0.078125 0.1359375
3 0.35 0.34921875 0.090625 0.15625
4 0.4671875 0.52265625 0.0375 0.0546875