6 0.4546875 0.94921875 0.165625 0.0671875
6 0.28359375 0.58515625 0.1078125 0.04375
6 0.2421875 0.6078125 0.1203125 0.0515625
6 0.40390625 0.4640625 0.146875 0.0671875
6 0.27421875 0.52265625 0.1171875 0.046875
6 0.3984375 0.40703125 0.13125 0.0515625
6 0.34921875 0.365625 0.16875 0.0734375
6 0.34296875 0.425 0.1640625 0.0703125
6 0.24375 0.4390625 0.125 0.05
6 0.22734375 0.49375 0.0984375 0.04375
6 0.22734375 0.509375 0.0890625 0.0359375
4 0.27265625 0.46328125 0.0484375 0.025
5 0.23671875 0.19296875 0.1484375 0.0703125
3 0.2890625 0.7875 0.134375 0.065625