6 0.0953125 0.778125 0.059375 0.24375
6 0.01640625 0.7203125 0.0328125 0.2765625
6 0.3609375 0.40859375 0.04375 0.1390625
6 0.44609375 0.50546875 0.046875 0.15625
6 0.51171875 0.51875 0.0359375 0.13125
6 0.5390625 0.33671875 0.034375 0.1375
6 0.65390625 0.45625 0.04375 0.175
6 0.7640625 0.45390625 0.0328125 0.1421875
6 0.725 0.4078125 0.03125 0.13125
6 0.78984375 0.28828125 0.040625 0.121875
6 0.2625 0.25 0.0359375 0.140625
6 0.14921875 0.2375 0.0375 0.128125
3 0.309375 0.40625 0.0453125 0.1484375
4 0.4765625 0.53203125 0.021875 0.05