6 0.61953125 0.534375 0.1828125 0.0421875
6 0.5921875 0.59375 0.1828125 0.0546875
6 0.4703125 0.5609375 0.1546875 0.04375
6 0.2140625 0.91484375 0.1359375 0.0375
6 0.24375 0.6375 0.1265625 0.0265625
6 0.334375 0.528125 0.10625 0.03125
6 0.465625 0.4125 0.165625 0.03125
6 0.4234375 0.27578125 0.140625 0.0421875
6 0.31640625 0.4 0.1375 0.0359375
6 0.2703125 0.346875 0.140625 0.0375
6 0.30546875 0.2625 0.1421875 0.0375
6 0.38359375 0.3828125 0.1296875 0.0328125
3 0.3296875 0.59921875 0.1296875 0.0390625