6 0.48046875 0.62265625 0.0640625 0.184375
6 0.41796875 0.603125 0.0765625 0.1859375
6 0.4359375 0.478125 0.0625 0.1578125
6 0.053125 0.26640625 0.053125 0.1390625
6 0.33203125 0.2625 0.040625 0.128125
6 0.4515625 0.3390625 0.04375 0.109375
6 0.5828125 0.45546875 0.0515625 0.16875
6 0.71328125 0.396875 0.0578125 0.14375
6 0.5765625 0.30546875 0.053125 0.140625
6 0.62421875 0.253125 0.0546875 0.14375
6 0.71171875 0.278125 0.0546875 0.1453125
6 0.60234375 0.3703125 0.0484375 0.1328125
3 0.38046875 0.34296875 0.0546875 0.1328125