6 0.296875 0.903125 0.165625 0.059375
6 0.2671875 0.5015625 0.1078125 0.0375
6 0.22109375 0.5078125 0.1203125 0.0453125
6 0.42265625 0.43203125 0.146875 0.0609375
6 0.28125 0.43984375 0.1171875 0.0421875
6 0.4390625 0.37734375 0.1296875 0.0453125
6 0.40703125 0.32109375 0.16875 0.065625
6 0.3796875 0.3734375 0.1625 0.0625
6 0.28203125 0.35078125 0.125 0.04375
6 0.24765625 0.396875 0.096875 0.0390625
6 0.2421875 0.4109375 0.0890625 0.0328125
4 0.30078125 0.384375 0.0484375 0.0234375
5 0.3640625 0.11875 0.1484375 0.0625
3 0.2 0.69296875 0.1328125 0.0609375