5 0.88671875 0.44765625 0.1078125 0.203125
6 0.4953125 0.30078125 0.0765625 0.2734375
6 0.5546875 0.228125 0.05625 0.246875
6 0.3078125 0.24921875 0.0609375 0.2078125
6 0.66796875 0.2046875 0.053125 0.1609375
6 0.73046875 0.196875 0.0421875 0.1265625
6 0.81796875 0.23046875 0.0390625 0.0984375
6 0.85703125 0.25390625 0.0265625 0.09375
6 0.8953125 0.28046875 0.0421875 0.0984375
6 0.2765625 0.1890625 0.0421875 0.1171875
6 0.415625 0.11953125 0.03125 0.0890625
6 0.3171875 0.10859375 0.0296875 0.0515625
6 0.6109375 0.140625 0.0234375 0.065625
3 0.70546875 0.14375 0.0234375 0.059375
6 0.3765625 0.1015625 0.0296875 0.0484375
6 0.44140625 0.0953125 0.0203125 0.0375
6 0.2890625 0.11640625 0.0203125 0.03125