5 0.3421875 0.228125 0.36875 0.109375
6 0.14140625 0.62265625 0.1046875 0.03125
6 0.14453125 0.64765625 0.1015625 0.01875
6 0.1390625 0.4171875 0.1015625 0.0265625
6 0.1390625 0.35703125 0.09375 0.0234375
6 0.15 0.33203125 0.0859375 0.0203125
6 0.1328125 0.50234375 0.096875 0.034375
6 0.115625 0.48125 0.0640625 0.0296875
6 0.08828125 0.55859375 0.0375 0.0203125
6 0.12890625 0.7296875 0.0453125 0.0296875
6 0.11015625 0.6703125 0.0890625 0.028125
6 0.09921875 0.58203125 0.034375 0.0203125
6 0.096875 0.4390625 0.0546875 0.015625
3 0.10625 0.45703125 0.05625 0.0171875