5 0.66875 0.8515625 0.2203125 0.1515625
6 0.68828125 0.43359375 0.2796875 0.1390625
6 0.775 0.46796875 0.25 0.1140625
6 0.67890625 0.23984375 0.2125 0.1078125
6 0.8328125 0.56875 0.165625 0.0890625
6 0.859375 0.625 0.13125 0.0703125
6 0.8546875 0.71953125 0.103125 0.0609375
6 0.84453125 0.76328125 0.096875 0.046875
6 0.83046875 0.80859375 0.103125 0.0640625
6 0.7265625 0.19140625 0.121875 0.06875
6 0.8359375 0.30234375 0.0921875 0.0515625
6 0.81640625 0.20546875 0.05625 0.040625
6 0.8765625 0.49453125 0.06875 0.0390625
3 0.90234375 0.58515625 0.0625 0.0375
6 0.840625 0.259375 0.053125 0.040625
6 0.86640625 0.31953125 0.040625 0.028125
6 0.79921875 0.18125 0.0359375 0.0265625