5 0.346875 0.225 0.36875 0.115625
6 0.13984375 0.61640625 0.1046875 0.0328125
6 0.1421875 0.64140625 0.1015625 0.0203125
6 0.140625 0.4109375 0.103125 0.028125
6 0.14140625 0.35078125 0.09375 0.025
6 0.153125 0.32578125 0.0875 0.021875
6 0.1328125 0.4953125 0.096875 0.0359375
6 0.115625 0.47421875 0.0640625 0.03125
6 0.0875 0.55078125 0.0390625 0.0203125
6 0.125 0.72265625 0.0453125 0.03125
6 0.10703125 0.66328125 0.0890625 0.0296875
6 0.09765625 0.575 0.0359375 0.0203125
6 0.0984375 0.43203125 0.0546875 0.015625
3 0.10703125 0.45078125 0.05625 0.01875