6 0.459375 0.6171875 0.053125 0.1828125
6 0.4015625 0.5875 0.065625 0.184375
6 0.440625 0.4671875 0.0515625 0.15625
6 0.10078125 0.19296875 0.04375 0.1375
6 0.37578125 0.23671875 0.0328125 0.1265625
6 0.48046875 0.3328125 0.0375 0.1078125
6 0.5890625 0.4703125 0.040625 0.1671875
6 0.728125 0.43515625 0.0484375 0.1421875
6 0.609375 0.321875 0.04375 0.1390625
6 0.66484375 0.27890625 0.0453125 0.1421875
6 0.74765625 0.31796875 0.0453125 0.14375
6 0.6234375 0.38984375 0.040625 0.13125
3 0.41015625 0.325 0.0453125 0.13125