5 0.63828125 0.7828125 0.3703125 0.134375
6 0.86640625 0.40234375 0.10625 0.0390625
6 0.86484375 0.37734375 0.1015625 0.0265625
6 0.85390625 0.6078125 0.1015625 0.0328125
6 0.85 0.66796875 0.0953125 0.03125
6 0.8375 0.69140625 0.0859375 0.0265625
6 0.86640625 0.5234375 0.096875 0.040625
6 0.8828125 0.5453125 0.065625 0.034375
6 0.91484375 0.4703125 0.0390625 0.021875
6 0.8859375 0.296875 0.046875 0.0328125
6 0.90078125 0.3578125 0.0890625 0.034375
6 0.90546875 0.44609375 0.0359375 0.021875
6 0.89765625 0.5890625 0.0546875 0.01875
3 0.88984375 0.5703125 0.0578125 0.021875