5 0.7484375 0.69296875 0.3734375 0.215625
6 0.78671875 0.2515625 0.10625 0.0609375
6 0.77421875 0.2296875 0.1 0.0484375
6 0.865625 0.4421875 0.1015625 0.05625
6 0.88828125 0.49765625 0.0953125 0.053125
6 0.8875 0.52421875 0.0859375 0.0453125
6 0.83984375 0.36015625 0.0984375 0.0609375
6 0.8640625 0.3734375 0.06875 0.0484375
6 0.86015625 0.29140625 0.0421875 0.0296875
6 0.7578125 0.1484375 0.0515625 0.0421875
6 0.79765625 0.19609375 0.090625 0.053125
6 0.840625 0.2734375 0.0390625 0.0296875
6 0.89609375 0.40546875 0.0546875 0.03125
3 0.88125 0.3921875 0.0578125 0.034375