6 0.34453125 0.58515625 0.125 0.203125
6 0.09765625 0.43203125 0.109375 0.184375
6 0.271875 0.3234375 0.0921875 0.1609375
6 0.49765625 0.5703125 0.125 0.190625
6 0.73359375 0.93515625 0.1453125 0.1296875
6 0.70234375 0.83984375 0.128125 0.2125
6 0.69375 0.67578125 0.1015625 0.190625
6 0.66875 0.57890625 0.103125 0.1453125
6 0.43515625 0.43359375 0.0703125 0.1140625
6 0.45859375 0.403125 0.0734375 0.1375
6 0.43671875 0.3859375 0.0765625 0.13125
5 0.56953125 0.46171875 0.134375 0.2015625
3 0.10078125 0.54140625 0.1140625 0.221875