3 0.0453125 0.45078125 0.06875 0.128125
4 0.459375 0.8296875 0.0296875 0.059375
6 0.46796875 0.8578125 0.0828125 0.1640625
5 0.984375 0.24296875 0.03125 0.1265625
6 0.1984375 0.23203125 0.0953125 0.1859375
6 0.25078125 0.3953125 0.0828125 0.171875
6 0.38359375 0.64140625 0.0953125 0.21875
6 0.50859375 0.73671875 0.08125 0.178125
6 0.7578125 0.70703125 0.0859375 0.146875
6 0.8921875 0.565625 0.071875 0.1734375
6 0.49296875 0.2328125 0.1140625 0.196875
6 0.671875 0.33828125 0.0578125 0.1078125
6 0.67734375 0.31171875 0.0625 0.1015625
6 0.10078125 0.16484375 0.0890625 0.175
6 0.15703125 0.39296875 0.0625 0.1421875