3 0.1109375 0.5515625 0.053125 0.1875
6 0.52578125 0.65390625 0.071875 0.2015625
6 0.6671875 0.71015625 0.078125 0.1625
6 0.8546875 0.6375 0.059375 0.1765625
6 0.13203125 0.2328125 0.0609375 0.1765625
6 0.2484375 0.26640625 0.06875 0.09375
6 0.2171875 0.471875 0.075 0.1625
6 0.3140625 0.43515625 0.059375 0.16875
6 0.525 0.225 0.0515625 0.1609375
6 0.70625 0.29609375 0.0328125 0.1453125
6 0.728125 0.34765625 0.040625 0.153125
6 0.95625 0.4796875 0.065625 0.259375
6 0.6609375 0.8421875 0.0578125 0.1734375
4 0.63671875 0.8296875 0.028125 0.0453125