6 0.62734375 0.62421875 0.196875 0.071875
6 0.55234375 0.9046875 0.1796875 0.0609375
6 0.3984375 0.7703125 0.1578125 0.0484375
6 0.56796875 0.48203125 0.18125 0.0765625
6 0.89140625 0.13125 0.2171875 0.08125
6 0.765625 0.20703125 0.20625 0.071875
6 0.61171875 0.26328125 0.1890625 0.05
6 0.52578125 0.315625 0.1359375 0.0671875
6 0.45546875 0.58125 0.109375 0.0421875
6 0.41875 0.56796875 0.1375 0.0359375
6 0.409375 0.59375 0.1296875 0.040625
5 0.44375 0.44453125 0.190625 0.084375
3 0.65703125 0.86953125 0.2234375 0.053125