6 0.07265625 0.434375 0.1453125 0.090625
6 0.45 0.13046875 0.1046875 0.0796875
6 0.40625 0.48203125 0.109375 0.0609375
6 0.46484375 0.16015625 0.1046875 0.0546875
6 0.56875 0.171875 0.1109375 0.0703125
6 0.51875 0.33046875 0.0953125 0.0484375
6 0.559375 0.3625 0.1125 0.059375
6 0.64296875 0.3953125 0.078125 0.05
6 0.525 0.4296875 0.115625 0.0515625
6 0.5203125 0.4625 0.0953125 0.0453125
6 0.56484375 0.43671875 0.1078125 0.05
6 0.5859375 0.546875 0.0921875 0.0484375
6 0.6546875 0.43828125 0.08125 0.0421875
6 0.48125 0.5578125 0.0984375 0.05
6 0.709375 0.584375 0.09375 0.053125
6 0.5609375 0.75625 0.1578125 0.08125
6 0.67109375 0.76953125 0.125 0.0515625
6 0.5625 0.92578125 0.125 0.0703125
3 0.52109375 0.58359375 0.109375 0.0609375
4 0.52734375 0.48203125 0.0796875 0.0453125