3 0.5453125 0.06015625 0.221875 0.1203125
6 0.58046875 0.23203125 0.28125 0.1125
6 0.49375 0.37890625 0.2921875 0.1203125
6 0.41640625 0.50625 0.240625 0.1109375
6 0.14765625 0.49140625 0.225 0.109375
6 0.23515625 0.4984375 0.1921875 0.09375
6 0.234375 0.62109375 0.246875 0.1296875
6 0.15703125 0.84140625 0.221875 0.134375
6 0.54140625 0.71796875 0.190625 0.09375
6 0.7203125 0.4875 0.1546875 0.0625
6 0.7484375 0.52421875 0.1484375 0.0671875
6 0.634375 0.6546875 0.125 0.0640625
6 0.63515625 0.62421875 0.15 0.0671875
4 0.540625 0.62890625 0.1109375 0.05625
5 0.5546875 0.96953125 0.171875 0.0609375