3 0.63203125 0.46875 0.078125 0.1109375
6 0.60234375 0.8921875 0.0984375 0.171875
6 0.4296875 0.61171875 0.0671875 0.1359375
6 0.08515625 0.53125 0.046875 0.09375
6 0.11875 0.47421875 0.0625 0.1359375
6 0.19921875 0.39296875 0.0703125 0.134375
6 0.4015625 0.43359375 0.0640625 0.0859375
6 0.325 0.440625 0.0859375 0.146875
6 0.4140625 0.3453125 0.05625 0.1140625
6 0.48515625 0.43671875 0.0671875 0.096875
6 0.6953125 0.43828125 0.0484375 0.10625
6 0.6859375 0.3859375 0.05 0.0953125
6 0.8109375 0.37265625 0.04375 0.1203125
6 0.975 0.50703125 0.05 0.1015625
6 0.93046875 0.41015625 0.0578125 0.103125
6 0.7609375 0.29140625 0.05 0.109375