6 0.58046875 0.50703125 0.1859375 0.103125
6 0.60703125 0.77734375 0.1796875 0.115625
6 0.4625 0.89375 0.103125 0.0734375
6 0.46484375 0.96953125 0.1359375 0.0609375
6 0.4234375 0.51328125 0.1171875 0.065625
6 0.52890625 0.3484375 0.14375 0.0953125
6 0.5921875 0.0453125 0.2 0.090625
6 0.42890625 0.0359375 0.1171875 0.071875
6 0.5546875 0.11796875 0.1671875 0.096875
6 0.49921875 0.16796875 0.1375 0.0921875
6 0.4265625 0.65859375 0.1578125 0.08125
6 0.425 0.63671875 0.14375 0.0734375
4 0.46171875 0.60390625 0.0671875 0.04375
5 0.3390625 0.3953125 0.159375 0.103125
3 0.71796875 0.78125 0.13125 0.084375