6 0.75625 0.59140625 0.0921875 0.1640625
6 0.53671875 0.60078125 0.0921875 0.15625
6 0.49375 0.446875 0.084375 0.1375
6 0.6109375 0.41875 0.0953125 0.196875
3 0.5234375 0.3390625 0.090625 0.13125
6 0.4171875 0.47265625 0.0640625 0.121875
6 0.3765625 0.4234375 0.0890625 0.1671875
4 0.3859375 0.521875 0.0421875 0.05
6 0.046875 0.5328125 0.090625 0.1828125
6 0.12265625 0.3859375 0.1140625 0.1953125
6 0.19140625 0.36328125 0.075 0.1203125
6 0.2921875 0.3515625 0.0703125 0.125
6 0.22265625 0.34453125 0.090625 0.159375
6 0.2828125 0.20859375 0.06875 0.1078125
6 0.33359375 0.15078125 0.0859375 0.1140625
6 0.44453125 0.2 0.0640625 0.1171875
6 0.625 0.26484375 0.0953125 0.1578125
6 0.8203125 0.07265625 0.0875 0.1453125