6 0.18515625 0.61328125 0.15625 0.06875
6 0.4171875 0.8171875 0.1734375 0.0625
6 0.90390625 0.909375 0.1421875 0.090625
6 0.66640625 0.6578125 0.1578125 0.075
6 0.83515625 0.56171875 0.1703125 0.075
6 0.7359375 0.4953125 0.2484375 0.0734375
6 0.6984375 0.25625 0.196875 0.0703125
6 0.48984375 0.153125 0.178125 0.0703125
6 0.30078125 0.4078125 0.128125 0.034375
6 0.30625 0.4390625 0.11875 0.0453125
6 0.4453125 0.90078125 0.16875 0.0546875
6 0.27421875 0.91953125 0.1625 0.05
5 0.1609375 0.1046875 0.0953125 0.0359375