6 0.36484375 0.19375 0.0578125 0.153125
6 0.178125 0.43984375 0.05 0.1703125
6 0.11953125 0.93125 0.08125 0.1375
6 0.35390625 0.67734375 0.0640625 0.153125
6 0.46171875 0.83828125 0.0640625 0.165625
6 0.52109375 0.73515625 0.05625 0.2453125
6 0.75703125 0.68125 0.05625 0.19375
6 0.8453125 0.465625 0.0578125 0.175
6 0.578125 0.29453125 0.0265625 0.1265625
6 0.546875 0.30234375 0.0375 0.1171875
6 0.09609375 0.4734375 0.04375 0.165625
6 0.065625 0.30390625 0.0390625 0.1609375
5 0.87109375 0.134375 0.0296875 0.0921875