6 0.65390625 0.725 0.1078125 0.165625
6 0.4703125 0.603125 0.10625 0.159375
6 0.5265625 0.453125 0.096875 0.140625
6 0.6375 0.49921875 0.1125 0.196875
3 0.61328125 0.38359375 0.1015625 0.134375
6 0.44921875 0.4296875 0.075 0.121875
6 0.4453125 0.365625 0.103125 0.1671875
4 0.3953125 0.45078125 0.0453125 0.053125
6 0.1140625 0.2609375 0.1078125 0.18125
6 0.26171875 0.1859375 0.1296875 0.196875
6 0.33046875 0.20859375 0.084375 0.1234375
6 0.41875 0.2578125 0.078125 0.125
6 0.3671875 0.21171875 0.1046875 0.159375
6 0.4953125 0.13671875 0.0765625 0.109375
6 0.57109375 0.11953125 0.0953125 0.1171875
6 0.63125 0.225 0.0734375 0.1171875
6 0.7390625 0.38359375 0.109375 0.159375
6 0.98125 0.33984375 0.0375 0.1515625