6 0.65625 0.85859375 0.0984375 0.1796875
6 0.17578125 0.96953125 0.1046875 0.0609375
6 0.325 0.9765625 0.090625 0.046875
6 0.18046875 0.66015625 0.075 0.1390625
6 0.1515625 0.6609375 0.06875 0.1203125
6 0.04453125 0.5296875 0.0890625 0.146875
6 0.31953125 0.43203125 0.065625 0.1140625
6 0.453125 0.56328125 0.0703125 0.134375
6 0.5125 0.571875 0.0609375 0.121875
6 0.634375 0.71015625 0.0671875 0.1265625
6 0.83046875 0.58515625 0.0765625 0.1515625
6 0.646875 0.571875 0.075 0.1453125
6 0.59296875 0.53828125 0.0671875 0.121875
6 0.47421875 0.49296875 0.0734375 0.125
6 0.21640625 0.41953125 0.065625 0.125
5 0.8015625 0.24921875 0.0828125 0.165625
6 0.40078125 0.70703125 0.096875 0.1671875