3 0.38203125 0.065625 0.2203125 0.13125
6 0.4796875 0.22109375 0.28125 0.1078125
6 0.45 0.3890625 0.2921875 0.115625
6 0.4234375 0.5359375 0.2390625 0.1078125
6 0.16796875 0.61796875 0.225 0.1046875
6 0.25234375 0.59375 0.1921875 0.090625
6 0.2953125 0.7078125 0.2453125 0.125
6 0.30078125 0.93828125 0.2203125 0.1234375
6 0.61640625 0.6890625 0.190625 0.090625
6 0.7015625 0.40859375 0.153125 0.0609375
6 0.740625 0.43359375 0.1484375 0.065625
6 0.68125 0.59609375 0.125 0.0625
6 0.6703125 0.5671875 0.15 0.065625
4 0.584375 0.60546875 0.1109375 0.0546875
5 0.72578125 0.93359375 0.171875 0.0921875