6 0.22578125 0.48828125 0.125 0.065625
6 0.22109375 0.409375 0.1140625 0.0734375
6 0.56875 0.30859375 0.1328125 0.0828125
6 0.63984375 0.35703125 0.1234375 0.0703125
6 0.7203125 0.38046875 0.1 0.0671875
6 0.6296875 0.51484375 0.075 0.0484375
6 0.60625 0.6484375 0.09375 0.065625
6 0.5546875 0.83984375 0.134375 0.0765625
6 0.74453125 0.9046875 0.171875 0.0953125
6 0.72265625 0.72265625 0.0828125 0.053125
6 0.8375 0.78984375 0.103125 0.0578125
6 0.6625 0.5546875 0.0921875 0.05625
6 0.70859375 0.60078125 0.065625 0.04375
6 0.71328125 0.57109375 0.0828125 0.05
6 0.7828125 0.59296875 0.09375 0.059375
6 0.49921875 0.5640625 0.153125 0.1046875
4 0.440625 0.46640625 0.0640625 0.046875
3 0.67109375 0.74609375 0.090625 0.05625