6 0.5140625 0.0640625 0.059375 0.128125
6 0.64921875 0.41171875 0.0578125 0.134375
6 0.94765625 0.56328125 0.059375 0.1109375
6 0.8984375 0.62734375 0.04375 0.096875
6 0.7515625 0.596875 0.0265625 0.0703125
6 0.765625 0.671875 0.0421875 0.0984375
6 0.69140625 0.58515625 0.040625 0.0953125
6 0.65390625 0.603125 0.0421875 0.1078125
6 0.25234375 0.49921875 0.0390625 0.109375
6 0.025 0.39296875 0.0484375 0.1625
6 0.0921875 0.47578125 0.0453125 0.1265625
6 0.15 0.55 0.0390625 0.1203125
6 0.17890625 0.6375 0.0375 0.084375
6 0.3015625 0.575 0.0375 0.0609375
6 0.5046875 0.6375 0.0375 0.090625
6 0.4703125 0.65078125 0.0359375 0.075
6 0.48203125 0.56328125 0.040625 0.1109375
3 0.3015625 0.49140625 0.0421875 0.1140625