6 0.2546875 0.37734375 0.125 0.0421875
6 0.28203125 0.303125 0.1109375 0.053125
6 0.640625 0.353125 0.1265625 0.059375
6 0.6859375 0.42578125 0.121875 0.0484375
6 0.74921875 0.48046875 0.0953125 0.05
6 0.6125 0.56640625 0.071875 0.0359375
6 0.53671875 0.67890625 0.0875 0.05
6 0.41171875 0.8328125 0.13125 0.05
6 0.55859375 0.96796875 0.1671875 0.0640625
6 0.6125 0.79375 0.078125 0.0390625
6 0.690625 0.9015625 0.1015625 0.0390625
6 0.62578125 0.61640625 0.090625 0.040625
6 0.64921875 0.6765625 0.0609375 0.03125
6 0.66640625 0.6515625 0.0796875 0.0328125
6 0.72109375 0.7 0.090625 0.04375
6 0.4734375 0.55859375 0.146875 0.0796875
4 0.459375 0.4453125 0.0609375 0.0375
3 0.55625 0.79453125 0.0875 0.040625