6 0.14453125 0.6625 0.1796875 0.1
6 0.02734375 0.18515625 0.0546875 0.1078125
6 0.021875 0.33359375 0.04375 0.0921875
6 0.33359375 0.18359375 0.1390625 0.0765625
6 0.33359375 0.15390625 0.1203125 0.0703125
6 0.4625 0.04453125 0.146875 0.0890625
6 0.56484375 0.31875 0.1140625 0.0671875
6 0.4359375 0.4546875 0.134375 0.071875
6 0.428125 0.51328125 0.121875 0.0640625
6 0.2921875 0.63828125 0.1265625 0.0703125
6 0.4203125 0.83203125 0.1515625 0.0796875
6 0.43046875 0.6484375 0.1453125 0.0765625
6 0.46328125 0.59296875 0.121875 0.06875
6 0.50625 0.47421875 0.125 0.075
6 0.57578125 0.21484375 0.125 0.0671875
5 0.75625 0.796875 0.165625 0.0859375
6 0.29140625 0.40390625 0.16875 0.1