6 0.4734375 0.92890625 0.103125 0.1421875
6 0.1359375 0.58203125 0.0859375 0.1078125
6 0.490625 0.5953125 0.0703125 0.1109375
6 0.1640625 0.5640625 0.0625 0.1046875
6 0.1671875 0.46015625 0.078125 0.1125
6 0.32890625 0.49609375 0.05625 0.0953125
6 0.35859375 0.453125 0.0703125 0.1125
6 0.3828125 0.36640625 0.0546875 0.078125
6 0.42734375 0.48125 0.0609375 0.115625
6 0.4609375 0.4828125 0.053125 0.0953125
6 0.43125 0.44140625 0.059375 0.1078125
6 0.5390625 0.41015625 0.0546875 0.0921875
6 0.425 0.3515625 0.046875 0.08125
6 0.559375 0.51328125 0.0578125 0.0984375
6 0.56640625 0.28359375 0.059375 0.0921875
6 0.75 0.4171875 0.09375 0.1578125
6 0.75390625 0.30625 0.0609375 0.1234375
6 0.91875 0.40078125 0.0796875 0.128125
3 0.58125 0.471875 0.0703125 0.1125
4 0.4796875 0.47421875 0.0515625 0.08125