6 0.91640625 0.6171875 0.1421875 0.0828125
6 0.5703125 0.64921875 0.1328125 0.0703125
6 0.340625 0.91484375 0.125 0.075
6 0.30234375 0.84453125 0.1140625 0.0625
6 0.36328125 0.70546875 0.0984375 0.0546875
6 0.27109375 0.72109375 0.1265625 0.075
6 0.390625 0.671875 0.1171875 0.0640625
6 0.3671875 0.6328125 0.1046875 0.0578125
6 0.4484375 0.478125 0.1046875 0.0515625
6 0.3734375 0.47421875 0.0921875 0.0484375
6 0.3375 0.4421875 0.078125 0.0421875
6 0.46875 0.30078125 0.1015625 0.0546875
6 0.5390625 0.2703125 0.1109375 0.059375
6 0.6921875 0.07109375 0.128125 0.0703125
6 0.60703125 0.109375 0.121875 0.0671875
6 0.521875 0.14921875 0.1359375 0.06875
6 0.43125 0.15390625 0.075 0.0421875
3 0.54296875 0.2984375 0.090625 0.0484375