6 0.1390625 0.65 0.1796875 0.0953125
6 0.0328125 0.16640625 0.065625 0.1015625
6 0.025 0.31484375 0.05 0.0890625
6 0.3453125 0.178125 0.1390625 0.0734375
6 0.3453125 0.1484375 0.1203125 0.0671875
6 0.478125 0.04375 0.1453125 0.0859375
6 0.57109375 0.32109375 0.1140625 0.0625
6 0.4375 0.45234375 0.1359375 0.0671875
6 0.42734375 0.5109375 0.121875 0.059375
6 0.2875 0.63125 0.1265625 0.065625
6 0.409375 0.82890625 0.1515625 0.075
6 0.42578125 0.6453125 0.146875 0.071875
6 0.459375 0.5921875 0.121875 0.065625
6 0.50703125 0.47421875 0.125 0.071875
6 0.5859375 0.21796875 0.125 0.0640625
5 0.7453125 0.80625 0.1671875 0.08125
6 0.2953125 0.396875 0.1671875 0.0953125