3 0.43515625 0.11328125 0.1890625 0.0609375
6 0.346875 0.53125 0.2046875 0.078125
6 0.29609375 0.67421875 0.1671875 0.084375
6 0.375 0.859375 0.178125 0.065625
6 0.75390625 0.12265625 0.1796875 0.0671875
6 0.725 0.240625 0.0953125 0.071875
6 0.51796875 0.21640625 0.165625 0.08125
6 0.55859375 0.31171875 0.1703125 0.065625
6 0.77578125 0.515625 0.1640625 0.05625
6 0.7109375 0.69921875 0.146875 0.0375
6 0.66015625 0.72265625 0.1546875 0.0453125
6 0.5359375 0.95546875 0.2609375 0.075
6 0.16328125 0.67265625 0.175 0.0640625
4 0.175 0.6484375 0.046875 0.0296875