6 0.60703125 0.91953125 0.078125 0.1421875
6 0.40546875 0.63515625 0.065625 0.1328125
6 0.0609375 0.56953125 0.071875 0.1234375
6 0.10234375 0.50078125 0.059375 0.1140625
6 0.25390625 0.484375 0.0515625 0.0984375
6 0.19375 0.41171875 0.071875 0.1265625
6 0.296875 0.49140625 0.0609375 0.1171875
6 0.31875 0.45078125 0.0546875 0.1046875
6 0.49375 0.44453125 0.0484375 0.1046875
6 0.45859375 0.37734375 0.0453125 0.0921875
6 0.46875 0.33046875 0.0390625 0.078125
6 0.65703125 0.3734375 0.0515625 0.1015625
6 0.71796875 0.41875 0.05625 0.1109375
6 0.9671875 0.45078125 0.065625 0.1265625
6 0.89140625 0.39765625 0.0640625 0.121875
6 0.8140625 0.34375 0.065625 0.1359375
6 0.765625 0.2671875 0.0390625 0.075
3 0.69609375 0.43671875 0.0453125 0.090625