3 0.175 0.59296875 0.0859375 0.15
6 0.28203125 0.53125 0.078125 0.128125
6 0.3546875 0.496875 0.08125 0.1546875
6 0.6015625 0.61796875 0.1125 0.203125
6 0.821875 0.63515625 0.1015625 0.2
6 0.90703125 0.5703125 0.0796875 0.1734375
6 0.53359375 0.21640625 0.09375 0.153125
6 0.7484375 0.29296875 0.0578125 0.1078125
6 0.7109375 0.25 0.0609375 0.11875
6 0.29296875 0.32109375 0.0796875 0.10625
6 0.1421875 0.315625 0.078125 0.1140625
6 0.80390625 0.80234375 0.0953125 0.1625
4 0.78203125 0.7703125 0.0390625 0.0515625