6 0.3453125 0.72421875 0.15625 0.053125
6 0.39296875 0.509375 0.146875 0.05625
6 0.553125 0.5078125 0.128125 0.053125
6 0.55 0.628125 0.190625 0.046875
3 0.64921875 0.5640625 0.11875 0.0625
6 0.54765625 0.42734375 0.1171875 0.034375
6 0.60546875 0.40078125 0.159375 0.05
4 0.50859375 0.384375 0.04375 0.03125
6 0.58515625 0.05390625 0.1765625 0.046875
6 0.7078125 0.16484375 0.184375 0.06875
6 0.71171875 0.2375 0.1125 0.046875
6 0.696875 0.3375 0.11875 0.040625
6 0.721875 0.27265625 0.15 0.053125
6 0.8375 0.365625 0.1 0.04375
6 0.88046875 0.4296875 0.1015625 0.0625
6 0.80390625 0.52421875 0.1125 0.0359375
6 0.69453125 0.68125 0.146875 0.059375
6 0.83203125 0.92109375 0.1421875 0.053125