6 0.56875 0.54296875 0.184375 0.0828125
6 0.46953125 0.7953125 0.175 0.0984375
6 0.28828125 0.83359375 0.1 0.0640625
6 0.24921875 0.915625 0.1328125 0.0765625
6 0.42578125 0.47734375 0.1171875 0.053125
6 0.59453125 0.378125 0.140625 0.08125
6 0.79296875 0.13046875 0.1984375 0.0859375
6 0.65 0.0484375 0.1125 0.075
6 0.721875 0.184375 0.165625 0.0796875
6 0.65 0.20390625 0.134375 0.0796875
6 0.3625 0.60859375 0.1578125 0.0640625
6 0.37109375 0.5875 0.14375 0.0578125
4 0.41875 0.575 0.065625 0.0375
5 0.40390625 0.33359375 0.15625 0.0875
3 0.5671875 0.85 0.1296875 0.0703125