3 0.0546875 0.56328125 0.109375 0.2109375
6 0.22109375 0.48671875 0.0765625 0.278125
6 0.38359375 0.5359375 0.08125 0.2890625
6 0.52578125 0.5796875 0.0796875 0.234375
6 0.5765625 0.84375 0.0796875 0.21875
6 0.5625 0.75703125 0.06875 0.1875
6 0.68203125 0.728125 0.096875 0.2390625
6 0.91484375 0.75078125 0.1078125 0.2125
6 0.7015625 0.40703125 0.06875 0.184375
6 0.434375 0.2890625 0.0421875 0.1515625
6 0.46328125 0.253125 0.0484375 0.1453125
6 0.6171875 0.33203125 0.046875 0.1203125
6 0.5875 0.3390625 0.0484375 0.1453125
4 0.61484375 0.42890625 0.04375 0.1078125
5 0.9578125 0.32890625 0.0703125 0.165625