3 0.1625 0.5171875 0.0546875 0.1421875
6 0.28046875 0.48125 0.053125 0.11875
6 0.359375 0.4640625 0.0484375 0.1484375
6 0.57265625 0.6375 0.0703125 0.1921875
6 0.78359375 0.70390625 0.0609375 0.190625
6 0.88046875 0.66015625 0.04375 0.1671875
6 0.596875 0.23125 0.0640625 0.1421875
6 0.7890625 0.35390625 0.0359375 0.103125
6 0.76171875 0.30390625 0.0359375 0.1140625
6 0.33828125 0.27890625 0.059375 0.0953125
6 0.19296875 0.23984375 0.05625 0.1046875
6 0.728125 0.86328125 0.0625 0.153125
4 0.7140625 0.8265625 0.0296875 0.046875