3 0.3671875 0.06953125 0.221875 0.1390625
6 0.46953125 0.221875 0.28125 0.1171875
6 0.44609375 0.390625 0.2921875 0.125
6 0.425 0.53828125 0.240625 0.1140625
6 0.171875 0.6296875 0.225 0.1125
6 0.25546875 0.60234375 0.1921875 0.096875
6 0.303125 0.71484375 0.246875 0.1328125
6 0.3171875 0.93984375 0.221875 0.1203125
6 0.6234375 0.684375 0.190625 0.0953125
6 0.69765625 0.40234375 0.1546875 0.065625
6 0.73828125 0.42578125 0.1484375 0.0703125
6 0.684375 0.5890625 0.125 0.065625
6 0.67265625 0.56171875 0.15 0.0703125
4 0.58828125 0.60234375 0.1109375 0.0578125
5 0.740625 0.92578125 0.1734375 0.096875