6 0.12109375 0.36640625 0.1578125 0.0953125
6 0.28828125 0.26484375 0.1765625 0.0796875
6 0.52421875 0.11640625 0.140625 0.059375
6 0.490625 0.03828125 0.1453125 0.06875
6 0.29765625 0.5734375 0.1828125 0.071875
6 0.32578125 0.6984375 0.1703125 0.0609375
6 0.48984375 0.753125 0.1421875 0.0515625
6 0.74296875 0.29765625 0.128125 0.059375
6 0.68359375 0.46015625 0.1359375 0.05
6 0.6921875 0.528125 0.1421875 0.04375
5 0.84609375 0.70546875 0.09375 0.0546875
4 0.2546875 0.75078125 0.0859375 0.0328125