3 0.63046875 0.4640625 0.08125 0.1125
6 0.61640625 0.88828125 0.1046875 0.1734375
6 0.43359375 0.6140625 0.071875 0.1359375
6 0.08671875 0.5453125 0.0484375 0.09375
6 0.11796875 0.4875 0.0671875 0.1375
6 0.19609375 0.403125 0.0734375 0.134375
6 0.39921875 0.43671875 0.0671875 0.0875
6 0.3234375 0.446875 0.0890625 0.146875
6 0.40859375 0.3484375 0.059375 0.1140625
6 0.4828125 0.4375 0.0703125 0.0984375
6 0.69296875 0.43203125 0.0515625 0.1078125
6 0.68203125 0.3796875 0.053125 0.096875
6 0.80625 0.3625 0.0484375 0.1203125
6 0.97421875 0.48984375 0.0515625 0.1015625
6 0.92734375 0.3953125 0.0609375 0.103125
6 0.753125 0.2828125 0.053125 0.1109375