3 0.61796875 0.93359375 0.2203125 0.1328125
6 0.5203125 0.77890625 0.28125 0.1078125
6 0.55 0.6109375 0.2921875 0.115625
6 0.5765625 0.4640625 0.2390625 0.1078125
6 0.83203125 0.38203125 0.225 0.1046875
6 0.74765625 0.40625 0.1921875 0.090625
6 0.7046875 0.2921875 0.2453125 0.1234375
6 0.69765625 0.06171875 0.2203125 0.1234375
6 0.38359375 0.3109375 0.1890625 0.090625
6 0.2984375 0.59140625 0.153125 0.059375
6 0.259375 0.56640625 0.1484375 0.065625
6 0.31875 0.40390625 0.1234375 0.0609375
6 0.3296875 0.4328125 0.1484375 0.065625
4 0.415625 0.39453125 0.1109375 0.0546875
5 0.27421875 0.06640625 0.1703125 0.0890625