6 0.8203125 0.81328125 0.178125 0.1109375
6 0.3234375 0.82890625 0.1078125 0.090625
6 0.565625 0.56953125 0.1109375 0.075
6 0.328125 0.7953125 0.1046875 0.0671875
6 0.2515625 0.725 0.1140625 0.0828125
6 0.38515625 0.6265625 0.0953125 0.059375
6 0.371875 0.57578125 0.1125 0.0734375
6 0.32265625 0.50078125 0.0796875 0.0578125
6 0.43828125 0.5421875 0.115625 0.0671875
6 0.46171875 0.51796875 0.0953125 0.05625
6 0.41015625 0.51328125 0.1078125 0.0640625
6 0.45859375 0.41171875 0.0921875 0.059375
6 0.3390625 0.459375 0.08125 0.0515625
6 0.54921875 0.4640625 0.096875 0.0609375
6 0.38046875 0.30859375 0.0921875 0.0625
6 0.6015625 0.25703125 0.1578125 0.1
6 0.5203125 0.18125 0.121875 0.0671875
6 0.69921875 0.11875 0.128125 0.0859375
3 0.53203125 0.4203125 0.1125 0.075
4 0.4671875 0.4984375 0.08125 0.0546875