6 0.7453125 0.27265625 0.165625 0.1046875
6 0.45234375 0.17578125 0.1765625 0.103125
6 0.0234375 0.2796875 0.046875 0.121875
6 0.284375 0.41953125 0.165625 0.1109375
6 0.16796875 0.57421875 0.178125 0.1140625
6 0.284375 0.596875 0.25 0.1328125
6 0.4125 0.80234375 0.2015625 0.1171875
6 0.6453125 0.815625 0.184375 0.1125
6 0.71953125 0.50703125 0.128125 0.065625
6 0.70234375 0.4796875 0.1234375 0.0734375
6 0.39375 0.109375 0.1703125 0.0953125
6 0.54296875 0.03515625 0.1640625 0.0703125
5 0.95859375 0.73203125 0.0828125 0.0578125