6 0.34140625 0.5796875 0.13125 0.203125
6 0.1 0.41796875 0.115625 0.184375
6 0.278125 0.315625 0.096875 0.159375
6 0.4953125 0.5703125 0.1296875 0.190625
6 0.71640625 0.9390625 0.1515625 0.121875
6 0.690625 0.846875 0.1328125 0.2109375
6 0.6875 0.6828125 0.1078125 0.1890625
6 0.665625 0.584375 0.10625 0.1453125
6 0.4375 0.43203125 0.0734375 0.1140625
6 0.4625 0.4015625 0.0765625 0.1359375
6 0.440625 0.38359375 0.0796875 0.13125
5 0.57109375 0.46484375 0.1390625 0.2015625
3 0.09921875 0.528125 0.121875 0.221875