6 0.33671875 0.11640625 0.1609375 0.0578125
6 0.18515625 0.6078125 0.15 0.05
6 0.3890625 0.6421875 0.15 0.05
6 0.12578125 0.8703125 0.1640625 0.0640625
6 0.5109375 0.853125 0.1140625 0.0390625
6 0.52109375 0.74609375 0.109375 0.04375
6 0.58125 0.7953125 0.134375 0.05
6 0.6171875 0.8640625 0.1078125 0.0359375
6 0.63671875 0.98125 0.1265625 0.0296875
6 0.50546875 0.4828125 0.0859375 0.0421875
6 0.578125 0.66953125 0.0765625 0.0390625
5 0.58671875 0.57890625 0.090625 0.0359375
6 0.3203125 0.48046875 0.140625 0.053125
3 0.34609375 0.7453125 0.1484375 0.0453125