6 0.51640625 0.93203125 0.0515625 0.1359375
6 0.3796875 0.6125 0.040625 0.1296875
6 0.05625 0.4765625 0.05 0.1171875
6 0.1109375 0.41796875 0.0375 0.109375
6 0.2625 0.43359375 0.0328125 0.0953125
6 0.21875 0.35 0.05 0.1203125
6 0.303125 0.44921875 0.0375 0.1140625
6 0.3328125 0.4140625 0.0375 0.1015625
6 0.50546875 0.44453125 0.0265625 0.1015625
6 0.48515625 0.371875 0.0296875 0.090625
6 0.5046875 0.328125 0.025 0.075
6 0.6796875 0.40859375 0.0328125 0.0984375
6 0.73046875 0.46640625 0.034375 0.1078125
6 0.96796875 0.55 0.0421875 0.1234375
6 0.90390625 0.48125 0.0421875 0.1171875
6 0.83984375 0.4125 0.040625 0.1328125
6 0.80859375 0.32734375 0.025 0.0703125
3 0.7046875 0.47890625 0.0296875 0.090625