6 0.50390625 0.4375 0.0609375 0.128125
6 0.65390625 0.49609375 0.0484375 0.0796875
6 0.7171875 0.53046875 0.0640625 0.109375
6 0.878125 0.45078125 0.0828125 0.1265625
6 0.8375 0.5640625 0.0453125 0.084375
6 0.6671875 0.578125 0.0453125 0.090625
6 0.57734375 0.609375 0.0265625 0.0515625
6 0.61640625 0.6515625 0.0375 0.08125
6 0.5171875 0.55859375 0.05 0.0875
6 0.41015625 0.06796875 0.075 0.128125
6 0.4140625 0.46015625 0.0625 0.1171875
6 0.46484375 0.7390625 0.0140625 0.0296875
6 0.41640625 0.61484375 0.04375 0.0875
6 0.53828125 0.6484375 0.0328125 0.05625
6 0.278125 0.6 0.075 0.134375
6 0.228125 0.6734375 0.046875 0.0765625
6 0.13828125 0.59453125 0.078125 0.16875
6 0.3890625 0.721875 0.03125 0.0671875
3 0.36640625 0.53046875 0.0640625 0.1171875