3 0.05390625 0.50078125 0.1078125 0.2140625
6 0.225 0.44765625 0.0859375 0.2796875
6 0.3796875 0.51953125 0.0921875 0.290625
6 0.51484375 0.5828125 0.0875 0.2359375
6 0.528125 0.8515625 0.0875 0.2203125
6 0.5265625 0.76328125 0.075 0.1890625
6 0.6484375 0.7515625 0.1046875 0.240625
6 0.87578125 0.80546875 0.1140625 0.2140625
6 0.7125 0.4359375 0.075 0.1859375
6 0.4640625 0.28203125 0.046875 0.153125
6 0.4984375 0.25078125 0.053125 0.146875
6 0.6390625 0.35 0.0515625 0.121875
6 0.609375 0.35234375 0.053125 0.146875
4 0.62421875 0.44609375 0.046875 0.109375
5 0.96953125 0.39453125 0.0609375 0.1671875