6 0.38046875 0.63125 0.06875 0.1953125
6 0.096875 0.56640625 0.0546875 0.178125
6 0.2265625 0.4078125 0.04375 0.15625
6 0.5203125 0.5671875 0.0703125 0.1796875
6 0.88203125 0.8859375 0.0734375 0.228125
6 0.8015625 0.75546875 0.065625 0.20625
6 0.740625 0.603125 0.0453125 0.1890625
6 0.68515625 0.51953125 0.0625 0.134375
6 0.4171875 0.45859375 0.0375 0.1078125
6 0.4296875 0.42109375 0.0328125 0.1359375
6 0.403125 0.4125 0.0359375 0.128125
5 0.553125 0.44140625 0.078125 0.1890625
3 0.1359375 0.66953125 0.0453125 0.221875