6 0.49921875 0.63515625 0.1359375 0.221875
6 0.10859375 0.74375 0.1203125 0.2265625
6 0.02578125 0.48828125 0.0515625 0.1671875
6 0.2203125 0.4640625 0.0984375 0.196875
6 0.63046875 0.525 0.1 0.1765625
6 0.80546875 0.51640625 0.1046875 0.1765625
6 0.97109375 0.678125 0.0578125 0.290625
6 0.90859375 0.58671875 0.103125 0.19375
6 0.8421875 0.43828125 0.078125 0.1546875
6 0.20625 0.63125 0.0875 0.1703125
6 0.43828125 0.4296875 0.071875 0.11875
6 0.40703125 0.43984375 0.05625 0.1234375
6 0.41484375 0.41796875 0.0546875 0.109375
5 0.55859375 0.38984375 0.1015625 0.1453125
3 0.253125 0.73828125 0.109375 0.190625