6 0.58125 0.5015625 0.1859375 0.1140625
6 0.62578125 0.76875 0.1796875 0.125
6 0.490625 0.8953125 0.103125 0.0796875
6 0.49921875 0.96875 0.1359375 0.0625
6 0.42421875 0.51875 0.1171875 0.071875
6 0.51796875 0.346875 0.1453125 0.103125
6 0.56015625 0.0453125 0.1984375 0.090625
6 0.3953125 0.040625 0.11875 0.08125
6 0.528125 0.11484375 0.1671875 0.10625
6 0.47578125 0.16875 0.1390625 0.1
6 0.43828125 0.66328125 0.15625 0.090625
6 0.434375 0.64140625 0.14375 0.0828125
4 0.46875 0.60625 0.0671875 0.046875
5 0.33203125 0.40703125 0.159375 0.1109375
3 0.7375 0.765625 0.1328125 0.090625