6 0.49296875 0.58046875 0.103125 0.1859375
6 0.22265625 0.60703125 0.115625 0.1796875
6 0.10625 0.4625 0.0734375 0.103125
6 0.03046875 0.46484375 0.0609375 0.1359375
6 0.48671875 0.4234375 0.065625 0.1171875
6 0.6515625 0.52890625 0.0953125 0.14375
6 0.9546875 0.5921875 0.090625 0.2
6 0.9640625 0.42890625 0.071875 0.1171875
6 0.88203125 0.5546875 0.096875 0.1671875
6 0.83203125 0.49921875 0.0921875 0.1375
6 0.34140625 0.4265625 0.08125 0.1578125
6 0.36328125 0.425 0.0734375 0.14375
4 0.39609375 0.46171875 0.04375 0.0671875
5 0.6046875 0.3390625 0.103125 0.159375
3 0.21875 0.71796875 0.084375 0.13125