3 0.08515625 0.69140625 0.08125 0.1296875
4 0.63515625 0.80390625 0.0359375 0.059375
6 0.65703125 0.8234375 0.1 0.1640625
5 0.8015625 0.0421875 0.084375 0.084375
6 0.103125 0.42578125 0.1140625 0.1875
6 0.23203125 0.53828125 0.1015625 0.1734375
6 0.4734375 0.68125 0.11875 0.2171875
6 0.6296875 0.6984375 0.1 0.178125
6 0.828125 0.5453125 0.1 0.1484375
6 0.8703125 0.35390625 0.090625 0.171875
6 0.35625 0.27421875 0.134375 0.2
6 0.5640625 0.2734375 0.06875 0.109375
6 0.5546875 0.246875 0.071875 0.103125
6 0.01953125 0.41796875 0.0390625 0.1765625
6 0.15078125 0.584375 0.078125 0.1421875