6 0.0859375 0.3296875 0.171875 0.05
6 0.540625 0.12890625 0.0921875 0.059375
6 0.41328125 0.46015625 0.103125 0.0375
6 0.5484375 0.16171875 0.1 0.03125
6 0.64609375 0.1984375 0.103125 0.046875
6 0.559375 0.33984375 0.090625 0.028125
6 0.590625 0.38125 0.1078125 0.034375
6 0.6640625 0.4328125 0.071875 0.0328125
6 0.54140625 0.4375 0.1125 0.0265625
6 0.52890625 0.46875 0.0921875 0.0234375
6 0.578125 0.45390625 0.1046875 0.025
6 0.571875 0.56640625 0.0875 0.028125
6 0.66484375 0.47734375 0.078125 0.0234375
6 0.46796875 0.5515625 0.09375 0.028125
6 0.6828125 0.6328125 0.0875 0.0328125
6 0.496875 0.76328125 0.1515625 0.046875
6 0.60078125 0.803125 0.1234375 0.021875
6 0.4578125 0.928125 0.11875 0.0421875
3 0.5 0.5859375 0.103125 0.0375
4 0.53125 0.4890625 0.0765625 0.028125