6 0.59140625 0.8796875 0.0703125 0.1765625
6 0.08828125 0.93828125 0.0765625 0.1234375
6 0.23671875 0.95859375 0.0734375 0.0828125
6 0.1578125 0.60234375 0.053125 0.1375
6 0.12890625 0.59765625 0.05 0.11875
6 0.04609375 0.45 0.0671875 0.1421875
6 0.334375 0.4015625 0.046875 0.1125
6 0.44296875 0.55390625 0.0484375 0.134375
6 0.49921875 0.5734375 0.0421875 0.121875
6 0.59609375 0.73046875 0.0484375 0.125
6 0.8109375 0.64140625 0.053125 0.15
6 0.63203125 0.59609375 0.0515625 0.1453125
6 0.584375 0.55390625 0.0484375 0.1203125
6 0.47578125 0.4890625 0.0546875 0.1234375
6 0.234375 0.37109375 0.0453125 0.125
5 0.840625 0.30546875 0.05625 0.165625
6 0.36640625 0.68671875 0.071875 0.1640625