3 0.45390625 0.0453125 0.121875 0.04375
4 0.16875 0.52890625 0.05625 0.01875
6 0.14296875 0.54296875 0.15625 0.0515625
5 0.85546875 0.94140625 0.11875 0.0484375
6 0.69921875 0.14921875 0.178125 0.059375
6 0.55078125 0.234375 0.165625 0.05
6 0.3375 0.415625 0.2109375 0.053125
6 0.2703125 0.5578125 0.171875 0.0453125
6 0.35078125 0.7953125 0.1375 0.0578125
6 0.5171875 0.89765625 0.16875 0.0375
6 0.76015625 0.4375 0.184375 0.078125
6 0.69375 0.634375 0.103125 0.0359375
6 0.72109375 0.634375 0.09375 0.0453125
6 0.74453125 0.03984375 0.1671875 0.05625
6 0.53359375 0.1421875 0.1375 0.0359375