3 0.13515625 0.64453125 0.096875 0.1953125
6 0.5625 0.64296875 0.11875 0.2125
6 0.71328125 0.66328125 0.115625 0.1765625
6 0.87734375 0.54765625 0.1 0.184375
6 0.078125 0.3296875 0.1015625 0.1875
6 0.19921875 0.334375 0.0890625 0.1078125
6 0.21875 0.54140625 0.1125 0.1765625
6 0.30390625 0.48203125 0.0984375 0.178125
6 0.4578125 0.22734375 0.0890625 0.16875
6 0.65078125 0.25234375 0.065625 0.1484375
6 0.684375 0.296875 0.0765625 0.1578125
6 0.93671875 0.36953125 0.1265625 0.2671875
6 0.7390625 0.79296875 0.0984375 0.18125
4 0.7125 0.78671875 0.0390625 0.0515625