3 0.40625 0.05234375 0.125 0.05625
4 0.1734375 0.56328125 0.0578125 0.025
6 0.14921875 0.5796875 0.1609375 0.0671875
5 0.9 0.9015625 0.1234375 0.0609375
6 0.66171875 0.13046875 0.1828125 0.078125
6 0.52265625 0.23046875 0.1703125 0.0671875
6 0.3296875 0.4328125 0.215625 0.075
6 0.27734375 0.58125 0.175 0.0640625
6 0.3828125 0.809375 0.1421875 0.071875
6 0.55859375 0.89375 0.171875 0.0546875
6 0.75234375 0.4109375 0.1921875 0.096875
6 0.70703125 0.61328125 0.10625 0.046875
6 0.73359375 0.61015625 0.0984375 0.0546875
6 0.6953125 0.0265625 0.171875 0.053125
6 0.49609375 0.140625 0.140625 0.05