6 0.496875 0.58125 0.1109375 0.1859375
6 0.22890625 0.62109375 0.1234375 0.1796875
6 0.1046875 0.48359375 0.078125 0.103125
6 0.03046875 0.48984375 0.0609375 0.1359375
6 0.48203125 0.42421875 0.0703125 0.1171875
6 0.653125 0.52109375 0.1015625 0.14375
6 0.95390625 0.56796875 0.0921875 0.1984375
6 0.96015625 0.403125 0.0796875 0.11875
6 0.884375 0.534375 0.1046875 0.1671875
6 0.83203125 0.48125 0.096875 0.1390625
6 0.3375 0.43515625 0.0875 0.15625
6 0.359375 0.43203125 0.0796875 0.14375
4 0.39375 0.4671875 0.046875 0.0671875
5 0.59609375 0.33359375 0.109375 0.159375
3 0.23046875 0.7328125 0.0890625 0.1328125