3 0.075 0.3765625 0.15 0.228125
6 0.25078125 0.37421875 0.15625 0.278125
6 0.37890625 0.48515625 0.165625 0.290625
6 0.49140625 0.58359375 0.146875 0.240625
6 0.43046875 0.8453125 0.1421875 0.2265625
6 0.45234375 0.76015625 0.121875 0.19375
6 0.5734375 0.7828125 0.1625 0.2484375
6 0.77578125 0.89140625 0.1640625 0.2171875
6 0.721875 0.49765625 0.1203125 0.190625
6 0.52578125 0.28046875 0.0859375 0.153125
6 0.5671875 0.259375 0.0890625 0.1484375
6 0.675 0.39375 0.08125 0.125
6 0.64609375 0.38828125 0.0890625 0.1484375
4 0.634375 0.48203125 0.0734375 0.1125
5 0.96484375 0.52890625 0.0703125 0.1734375