6 0.44140625 0.47890625 0.125 0.028125
6 0.5390625 0.35078125 0.075 0.028125
6 0.5890625 0.3 0.1015625 0.0375
6 0.55703125 0.12265625 0.115625 0.053125
6 0.6546875 0.19296875 0.08125 0.0234375
6 0.62109375 0.3609375 0.0875 0.021875
6 0.6265625 0.45546875 0.05 0.0125
6 0.678125 0.4296875 0.0796875 0.015625
6 0.5609375 0.49921875 0.0828125 0.028125
6 0.06015625 0.4671875 0.1203125 0.04375
6 0.43828125 0.571875 0.1125 0.0328125
6 0.7203125 0.6 0.0296875 0.00625
6 0.5875 0.61171875 0.084375 0.021875
6 0.653125 0.50390625 0.053125 0.01875
6 0.53515625 0.740625 0.128125 0.040625
6 0.59140625 0.809375 0.071875 0.028125
6 0.49140625 0.87421875 0.165625 0.034375
6 0.6828125 0.66796875 0.065625 0.0140625
3 0.4921875 0.63671875 0.1125 0.034375