6 0.49765625 0.22578125 0.071875 0.125
6 0.57578125 0.21640625 0.078125 0.115625
6 0.69453125 0.55859375 0.0875 0.13125
6 0.65 0.63203125 0.0765625 0.1234375
6 0.63046875 0.71328125 0.0703125 0.1
6 0.4921875 0.63046875 0.0515625 0.075
6 0.35703125 0.6140625 0.06875 0.09375
6 0.1640625 0.571875 0.08125 0.1328125
6 0.109375 0.765625 0.1015625 0.16875
6 0.2890625 0.73359375 0.05625 0.08125
6 0.228125 0.85234375 0.0625 0.103125
6 0.45390625 0.66484375 0.0609375 0.0921875
6 0.41015625 0.71328125 0.0453125 0.0640625
6 0.43984375 0.7171875 0.0515625 0.08125
6 0.421875 0.7875 0.0640625 0.09375
6 0.4359375 0.503125 0.1109375 0.1546875
4 0.53046875 0.4390625 0.05 0.065625
3 0.26328125 0.68359375 0.059375 0.090625