6 0.65703125 0.903125 0.0921875 0.1421875
6 0.42265625 0.64609375 0.0796875 0.1328125
6 0.07265625 0.62265625 0.084375 0.125
6 0.10546875 0.54921875 0.0703125 0.1140625
6 0.25390625 0.5140625 0.0609375 0.0984375
6 0.18515625 0.45 0.084375 0.1265625
6 0.296875 0.51640625 0.071875 0.1171875
6 0.3140625 0.4734375 0.0671875 0.1046875
6 0.48671875 0.4453125 0.0578125 0.103125
6 0.44453125 0.38359375 0.05625 0.0921875
6 0.4484375 0.3359375 0.0484375 0.078125
6 0.63984375 0.3546875 0.0609375 0.1015625
6 0.70703125 0.39296875 0.0671875 0.1109375
6 0.95859375 0.3953125 0.0796875 0.128125
6 0.87578125 0.35078125 0.0765625 0.121875
6 0.79296875 0.30625 0.08125 0.1359375
6 0.73515625 0.23671875 0.046875 0.0734375
3 0.68671875 0.41328125 0.05625 0.09375