6 0.3359375 0.91484375 0.053125 0.1703125
6 0.128125 0.465625 0.0609375 0.09375
6 0.46171875 0.5875 0.0390625 0.103125
6 0.1609375 0.4578125 0.0328125 0.1
6 0.19609375 0.359375 0.0484375 0.1046875
6 0.3390625 0.44375 0.0296875 0.090625
6 0.3796875 0.41171875 0.0359375 0.1078125
6 0.4296875 0.3375 0.034375 0.071875
6 0.43671875 0.459375 0.028125 0.1125
6 0.46796875 0.471875 0.0265625 0.0921875
6 0.45234375 0.42265625 0.0265625 0.10625
6 0.56484375 0.42734375 0.0296875 0.0875
6 0.47421875 0.3359375 0.025 0.078125
6 0.55234375 0.53125 0.0296875 0.09375
6 0.6296875 0.31484375 0.034375 0.0875
6 0.76328125 0.4984375 0.05 0.1515625
6 0.8015625 0.39375 0.0234375 0.1234375
6 0.92890625 0.534375 0.0421875 0.11875
3 0.5859375 0.4984375 0.0390625 0.103125
4 0.48828125 0.46875 0.0296875 0.0765625