6 0.790625 0.25546875 0.06875 0.14375
6 0.8640625 0.3734375 0.046875 0.121875
6 0.81875 0.603125 0.0265625 0.1390625
6 0.7140625 0.5859375 0.0421875 0.13125
6 0.96171875 0.46328125 0.0375 0.146875
6 0.9734375 0.346875 0.0328125 0.1515625
6 0.46640625 0.546875 0.034375 0.0890625
6 0.4171875 0.496875 0.05 0.103125
6 0.43984375 0.39375 0.040625 0.109375
6 0.39609375 0.55703125 0.03125 0.125
6 0.2828125 0.64375 0.025 0.11875
6 0.24375 0.48671875 0.053125 0.1125
6 0.19921875 0.5484375 0.04375 0.1140625
6 0.196875 0.63359375 0.0265625 0.0921875
6 0.16328125 0.578125 0.0421875 0.1375
6 0.06875 0.6109375 0.05 0.125
6 0.01953125 0.38984375 0.0359375 0.09375
3 0.4734375 0.615625 0.0625 0.0875
4 0.57265625 0.48203125 0.025 0.0625