6 0.18125 0.29375 0.159375 0.1078125
6 0.27265625 0.1890625 0.1296875 0.0796875
6 0.50546875 0.16484375 0.1390625 0.065625
6 0.51953125 0.2703125 0.140625 0.078125
6 0.3296875 0.06953125 0.1515625 0.078125
6 0.21484375 0.0921875 0.153125 0.0734375
6 0.5546875 0.51875 0.09375 0.059375
6 0.52109375 0.58046875 0.1109375 0.0765625
6 0.415625 0.58828125 0.1171875 0.0703125
6 0.58515625 0.5828125 0.128125 0.0671875
6 0.70078125 0.665625 0.1203125 0.059375
6 0.5625 0.74921875 0.1234375 0.08125
6 0.634375 0.7734375 0.121875 0.075
6 0.71640625 0.75078125 0.0953125 0.0515625
6 0.6734375 0.79921875 0.1453125 0.08125
6 0.73203125 0.8796875 0.134375 0.084375
6 0.534375 0.9796875 0.1 0.040625
3 0.61796875 0.49140625 0.1015625 0.084375
4 0.46171875 0.4359375 0.0671875 0.0421875