6 0.22890625 0.65703125 0.10625 0.240625
6 0.1015625 0.9484375 0.075 0.103125
6 0.02109375 0.47578125 0.0421875 0.1921875
6 0.14140625 0.38125 0.0375 0.1515625
6 0.1765625 0.4203125 0.071875 0.2125
6 0.48828125 0.4828125 0.0671875 0.228125
6 0.66171875 0.5921875 0.0734375 0.1890625
6 0.8671875 0.36796875 0.0734375 0.184375
6 0.7609375 0.26875 0.0671875 0.178125
6 0.5484375 0.3640625 0.0609375 0.1546875
6 0.5140625 0.28046875 0.05625 0.1140625
6 0.38359375 0.328125 0.046875 0.1421875
6 0.41015625 0.3046875 0.034375 0.1265625
6 0.3609375 0.21796875 0.0390625 0.1234375
3 0.5953125 0.39765625 0.06875 0.1875
4 0.4390625 0.34453125 0.025 0.0515625