6 0.43359375 0.15390625 0.178125 0.1
6 0.60390625 0.20703125 0.1015625 0.0796875
6 0.66875 0.3203125 0.140625 0.075
6 0.640625 0.44140625 0.1671875 0.1015625
6 0.590625 0.61171875 0.0984375 0.034375
6 0.4796875 0.62109375 0.1421875 0.0484375
6 0.53125 0.64296875 0.125 0.0609375
6 0.328125 0.24921875 0.2328125 0.075
6 0.64296875 0.92109375 0.15625 0.0640625
6 0.5984375 0.97578125 0.19375 0.0484375
6 0.38203125 0.825 0.1734375 0.075
6 0.31640625 0.74609375 0.165625 0.0703125
6 0.33046875 0.78203125 0.1359375 0.04375
4 0.2625 0.6625 0.0796875 0.028125
3 0.63359375 0.7046875 0.146875 0.0640625