6 0.153125 0.43828125 0.134375 0.190625
6 0.26328125 0.29765625 0.0984375 0.1140625
6 0.39296875 0.27890625 0.103125 0.15
6 0.49609375 0.34765625 0.134375 0.1796875
6 0.63671875 0.45546875 0.0546875 0.1015625
6 0.60546875 0.5625 0.078125 0.14375
6 0.64453125 0.521875 0.0859375 0.1328125
6 0.20390625 0.5703125 0.1234375 0.2375
6 0.94375 0.5171875 0.0953125 0.1625
6 0.9671875 0.578125 0.065625 0.19375
6 0.7609375 0.7265625 0.109375 0.1796875
6 0.6640625 0.759375 0.103125 0.171875
6 0.70234375 0.759375 0.071875 0.1375
4 0.56640625 0.7796875 0.04375 0.08125
3 0.7390625 0.4484375 0.09375 0.153125