6 0.29375 0.26328125 0.2453125 0.146875
6 0.01796875 0.2 0.0359375 0.103125
6 0.4296875 0.03203125 0.190625 0.0640625
6 0.54765625 0.12578125 0.146875 0.0640625
6 0.51640625 0.1671875 0.2109375 0.109375
6 0.51484375 0.48515625 0.2234375 0.10625
6 0.43984375 0.6765625 0.190625 0.10625
6 0.7 0.83515625 0.184375 0.103125
6 0.77734375 0.71171875 0.1796875 0.0984375
6 0.64296875 0.521875 0.1546875 0.0875
6 0.71875 0.471875 0.1171875 0.0734375
6 0.646875 0.353125 0.1390625 0.071875
6 0.675 0.37421875 0.1234375 0.05625
6 0.75 0.309375 0.121875 0.0609375
3 0.61875 0.57421875 0.1859375 0.1
4 0.640625 0.41015625 0.053125 0.034375