5 0.82265625 0.3 0.1109375 0.0828125
6 0.5953125 0.1171875 0.18125 0.1015625
6 0.75625 0.1171875 0.115625 0.084375
6 0.215625 0.52421875 0.1421875 0.1015625
6 0.36484375 0.44609375 0.209375 0.125
6 0.38515625 0.2671875 0.165625 0.1078125
6 0.50703125 0.2796875 0.1578125 0.096875
6 0.675 0.5296875 0.1515625 0.1046875
6 0.5640625 0.88125 0.1921875 0.1296875
6 0.4578125 0.9484375 0.190625 0.103125
6 0.346875 0.96796875 0.128125 0.0625
6 0.16953125 0.6484375 0.2203125 0.13125
6 0.45 0.1578125 0.1734375 0.103125
4 0.45859375 0.19609375 0.0578125 0.0421875
3 0.24921875 0.815625 0.19375 0.121875