6 0.66796875 0.234375 0.2390625 0.1546875
6 0.65546875 0.28359375 0.2296875 0.15
6 0.7796875 0.3046875 0.1125 0.078125
6 0.58046875 0.33515625 0.2421875 0.15
6 0.55625 0.39453125 0.2 0.1265625
6 0.4890625 0.51015625 0.221875 0.134375
6 0.575 0.596875 0.24375 0.1484375
6 0.334375 0.6296875 0.2609375 0.1671875
6 0.4078125 0.75 0.2625 0.1734375
6 0.49296875 0.72265625 0.2109375 0.15
3 0.2828125 0.7796875 0.3 0.184375
5 0.60078125 0.48203125 0.234375 0.16875
4 0.48359375 0.3484375 0.0609375 0.0484375