5 0.7296875 0.19765625 0.1 0.05
6 0.4515625 0.10859375 0.178125 0.040625
6 0.60234375 0.05078125 0.1046875 0.05
6 0.24296875 0.62421875 0.1296875 0.059375
6 0.3546875 0.49765625 0.203125 0.05625
6 0.309375 0.3234375 0.15625 0.05625
6 0.42734375 0.2921875 0.1515625 0.046875
6 0.67421875 0.46484375 0.140625 0.0578125
6 0.69609375 0.8328125 0.178125 0.071875
6 0.621875 0.9359375 0.1875 0.040625
6 0.525 0.99140625 0.13125 0.0171875
6 0.24453125 0.75703125 0.2125 0.059375
6 0.05234375 0.95859375 0.1046875 0.05625
6 0.33046875 0.1984375 0.16875 0.046875
4 0.35234375 0.23125 0.0515625 0.025
3 0.37890625 0.884375 0.184375 0.059375