6 0.35546875 0.77890625 0.2390625 0.1375
6 0.3640625 0.7296875 0.228125 0.134375
6 0.23828125 0.71875 0.1109375 0.0703125
6 0.434375 0.67109375 0.2421875 0.1328125
6 0.453125 0.61015625 0.2 0.1140625
6 0.509375 0.4890625 0.221875 0.11875
6 0.4171875 0.41015625 0.24375 0.1296875
6 0.653125 0.35625 0.259375 0.146875
6 0.56953125 0.24296875 0.2609375 0.15625
6 0.4875 0.278125 0.209375 0.1359375
3 0.6921875 0.20234375 0.3015625 0.165625
5 0.4015625 0.5265625 0.2328125 0.1546875
4 0.5296875 0.65 0.0609375 0.0453125