6 0.74453125 0.790625 0.14375 0.06875
6 0.6265625 0.8640625 0.121875 0.046875
6 0.396875 0.81875 0.1390625 0.0265625
6 0.4140625 0.7140625 0.13125 0.0421875
6 0.53671875 0.96171875 0.146875 0.0375
6 0.653125 0.9734375 0.1515625 0.0328125
6 0.453125 0.46640625 0.0890625 0.034375
6 0.503125 0.4171875 0.103125 0.05
6 0.60625 0.43984375 0.109375 0.040625
6 0.44296875 0.39609375 0.125 0.03125
6 0.35625 0.2828125 0.11875 0.025
6 0.51328125 0.24375 0.1125 0.053125
6 0.4515625 0.19921875 0.1140625 0.04375
6 0.36640625 0.196875 0.0921875 0.0265625
6 0.421875 0.16328125 0.1375 0.0421875
6 0.3890625 0.06875 0.125 0.05
6 0.61015625 0.01953125 0.09375 0.0359375
3 0.384375 0.4734375 0.0875 0.0625
4 0.51796875 0.57265625 0.0625 0.025