6 0.49453125 0.14765625 0.1796875 0.1046875
6 0.653125 0.2296875 0.1046875 0.0828125
6 0.696875 0.35234375 0.1421875 0.0796875
6 0.6484375 0.4671875 0.16875 0.10625
6 0.5703125 0.62578125 0.1 0.0375
6 0.45859375 0.615625 0.140625 0.0515625
6 0.50625 0.64609375 0.1265625 0.065625
6 0.37421875 0.22265625 0.234375 0.0828125
6 0.56796875 0.9390625 0.1578125 0.06875
6 0.51328125 0.97890625 0.1953125 0.0421875
6 0.32734375 0.79921875 0.175 0.08125
6 0.2765625 0.7109375 0.1671875 0.075
6 0.28359375 0.7484375 0.134375 0.0484375
4 0.2375 0.61875 0.0796875 0.03125
3 0.59609375 0.72421875 0.1484375 0.0671875