6 0.6609375 0.84375 0.15625 0.103125
6 0.528125 0.884375 0.1296875 0.0765625
6 0.31796875 0.78125 0.140625 0.0609375
6 0.36171875 0.684375 0.1375 0.0734375
6 0.415625 0.95546875 0.1515625 0.075
6 0.52421875 0.98046875 0.1546875 0.0390625
6 0.46328125 0.45546875 0.09375 0.05625
6 0.52421875 0.42109375 0.1125 0.075
6 0.61796875 0.46953125 0.115625 0.0671875
6 0.471875 0.38515625 0.128125 0.0625
6 0.4171875 0.253125 0.121875 0.0546875
6 0.57890625 0.25625 0.121875 0.0796875
6 0.53125 0.196875 0.121875 0.071875
6 0.44921875 0.17265625 0.0953125 0.0484375
6 0.51171875 0.1546875 0.14375 0.0765625
6 0.5046875 0.0546875 0.134375 0.08125
6 0.73046875 0.0640625 0.1 0.059375
3 0.3953125 0.44453125 0.1 0.0828125
4 0.4984375 0.575 0.0671875 0.040625