6 0.2234375 0.64765625 0.0984375 0.2390625
6 0.08515625 0.9421875 0.0703125 0.115625
6 0.0203125 0.45859375 0.040625 0.1921875
6 0.14609375 0.36875 0.0328125 0.1515625
6 0.1796875 0.40859375 0.065625 0.2109375
6 0.4890625 0.48203125 0.0578125 0.228125
6 0.65859375 0.59765625 0.0671875 0.1890625
6 0.871875 0.38046875 0.0671875 0.1828125
6 0.76875 0.27734375 0.0625 0.178125
6 0.553125 0.365625 0.05625 0.153125
6 0.521875 0.28125 0.0515625 0.1125
6 0.38984375 0.32421875 0.0421875 0.1390625
6 0.4171875 0.3015625 0.028125 0.1265625
6 0.37109375 0.21328125 0.0359375 0.1234375
3 0.5984375 0.40078125 0.0625 0.184375
4 0.44453125 0.3421875 0.0234375 0.0515625