6 0.36875 0.17265625 0.1890625 0.1296875
6 0.54609375 0.1921875 0.1125 0.0953125
6 0.63125 0.2921875 0.1484375 0.0984375
6 0.62734375 0.415625 0.178125 0.128125
6 0.61015625 0.5921875 0.1015625 0.0515625
6 0.503125 0.62265625 0.1421875 0.071875
6 0.5578125 0.634375 0.13125 0.0828125
6 0.28359375 0.2859375 0.2375 0.1171875
6 0.7203125 0.8859375 0.1609375 0.090625
6 0.6875 0.9484375 0.1953125 0.084375
6 0.44609375 0.84140625 0.1796875 0.1046875
6 0.3671875 0.7765625 0.171875 0.0984375
6 0.3875 0.809375 0.1359375 0.0671875
4 0.29765625 0.7046875 0.08125 0.0421875
3 0.66953125 0.675 0.1515625 0.0890625