3 0.90234375 0.7109375 0.0703125 0.125
6 0.6078125 0.61953125 0.0625 0.125
6 0.5078125 0.73515625 0.0828125 0.1546875
6 0.509375 0.6296875 0.0625 0.103125
6 0.578125 0.55 0.0640625 0.121875
6 0.61953125 0.53125 0.0671875 0.121875
6 0.5875 0.46015625 0.05 0.1015625
6 0.54609375 0.4625 0.0546875 0.09375
6 0.45 0.484375 0.0640625 0.11875
6 0.30390625 0.35 0.0515625 0.1046875
6 0.1828125 0.60859375 0.0671875 0.1421875
6 0.17578125 0.3890625 0.0609375 0.121875
3 0.03984375 0.38828125 0.059375 0.134375
6 0.09453125 0.221875 0.0625 0.1125
5 0.378125 0.27109375 0.0578125 0.1046875