6 0.4546875 0.58359375 0.0734375 0.1359375
5 0.7765625 0.45625 0.078125 0.1390625
6 0.046875 0.4578125 0.0578125 0.11875
6 0.31015625 0.7703125 0.075 0.1390625
6 0.08984375 0.5625 0.0671875 0.13125
6 0.30390625 0.6078125 0.078125 0.15625
6 0.421875 0.48515625 0.053125 0.1125
6 0.48984375 0.5234375 0.0578125 0.11875
6 0.65390625 0.525 0.0671875 0.1359375
6 0.796875 0.5828125 0.071875 0.1421875
6 0.3859375 0.48046875 0.0578125 0.1109375
6 0.4140625 0.7203125 0.090625 0.165625
4 0.48203125 0.75859375 0.0296875 0.053125
6 0.55390625 0.61015625 0.0703125 0.15