6 0.50625 0.22578125 0.109375 0.0453125
6 0.52578125 0.76796875 0.1046875 0.04375
6 0.60234375 0.4921875 0.109375 0.046875
6 0.52578125 0.303125 0.1015625 0.0421875
3 0.4640625 0.82421875 0.0703125 0.0390625
6 0.40625 0.45859375 0.0890625 0.0359375
6 0.56875 0.16875 0.1203125 0.05
6 0.596875 0.56875 0.1 0.040625
6 0.77890625 0.55234375 0.1359375 0.05625
6 0.38828125 0.57578125 0.075 0.0359375
6 0.41640625 0.67421875 0.0765625 0.0328125
6 0.55703125 0.1328125 0.109375 0.0421875
6 0.5421875 0.5375 0.0984375 0.040625
6 0.48125 0.3625 0.09375 0.040625
6 0.44296875 0.34453125 0.08125 0.0359375
6 0.45859375 0.6296875 0.08125 0.0359375
6 0.453125 0.5953125 0.078125 0.034375
4 0.4125 0.56171875 0.0234375 0.0140625