6 0.284375 0.34296875 0.0453125 0.1046875
6 0.29765625 0.49765625 0.0484375 0.1109375
6 0.0625 0.32421875 0.040625 0.1
6 0.59296875 0.52578125 0.040625 0.096875
6 0.4265625 0.43828125 0.0453125 0.103125
6 0.5015625 0.5046875 0.0421875 0.09375
6 0.175 0.82421875 0.06875 0.1609375
6 0.67578125 0.61328125 0.05 0.115625
6 0.2375 0.6875 0.0609375 0.1515625
3 0.14140625 0.47890625 0.046875 0.1125
6 0.55234375 0.66875 0.059375 0.0859375
6 0.44140625 0.60625 0.0484375 0.1171875
6 0.71171875 0.59296875 0.0453125 0.109375
6 0.54296875 0.4984375 0.0375 0.0875
5 0.76640625 0.41796875 0.04375 0.096875
6 0.5 0.60703125 0.04375 0.1078125
6 0.8046875 0.69765625 0.0546875 0.134375
6 0.8 0.61953125 0.0390625 0.103125
4 0.4328125 0.634375 0.0125 0.025