6 0.38046875 0.96640625 0.1890625 0.0671875
6 0.26640625 0.85546875 0.18125 0.103125
6 0.2296875 0.58515625 0.1765625 0.1046875
6 0.09609375 0.49296875 0.1640625 0.096875
6 0.56171875 0.6453125 0.1203125 0.071875
6 0.60234375 0.89375 0.1375 0.0734375
6 0.46484375 0.78671875 0.1453125 0.1
6 0.36015625 0.4359375 0.1515625 0.0890625
6 0.48359375 0.45703125 0.1265625 0.0734375
6 0.54453125 0.584375 0.109375 0.0671875
6 0.55234375 0.528125 0.13125 0.0828125
6 0.5265625 0.47734375 0.1484375 0.078125
6 0.55703125 0.29375 0.103125 0.071875
6 0.4375 0.2671875 0.14375 0.0765625
3 0.384375 0.40703125 0.1515625 0.084375
4 0.55625 0.6140625 0.0328125 0.0234375
3 0.61953125 0.0171875 0.0828125 0.034375