6 0.1734375 0.359375 0.034375 0.0984375
6 0.8 0.47109375 0.0390625 0.103125
6 0.3421875 0.5109375 0.034375 0.10625
6 0.42265625 0.4078125 0.0328125 0.09375
6 0.85625 0.3828125 0.0375 0.0953125
6 0.71875 0.21796875 0.0203125 0.071875
6 0.2546875 0.34375 0.0296875 0.090625
6 0.9375 0.62421875 0.05 0.1296875
6 0.02734375 0.65625 0.0546875 0.146875
6 0.53828125 0.50234375 0.03125 0.0984375
6 0.32265625 0.259375 0.025 0.0703125
6 0.6421875 0.4734375 0.0328125 0.10625
6 0.82421875 0.29375 0.0265625 0.084375
6 0.471875 0.45390625 0.028125 0.0875
6 0.0859375 0.71953125 0.059375 0.140625
3 0.39296875 0.37421875 0.028125 0.0953125
6 0.4921875 0.440625 0.0296875 0.090625
4 0.4625 0.49296875 0.0140625 0.01875
4 0.06328125 0.13828125 0.0265625 0.0625