6 0.43046875 0.59140625 0.0625 0.153125
6 0.2125 0.5609375 0.078125 0.171875
5 0.7390625 0.39609375 0.06875 0.1515625
6 0.61640625 0.4828125 0.065625 0.1375
6 0.371875 0.53125 0.06875 0.15625
6 0.4375 0.4578125 0.0546875 0.1046875
6 0.396875 0.721875 0.0640625 0.11875
6 0.74609375 0.54609375 0.0671875 0.140625
6 0.2125 0.45390625 0.05 0.1078125
6 0.71015625 0.55234375 0.0703125 0.159375
6 0.46328125 0.56640625 0.0625 0.159375
6 0.26328125 0.46640625 0.0578125 0.128125
4 0.64921875 0.8421875 0.03125 0.0484375
6 0.38046875 0.4265625 0.0546875 0.1234375
6 0.3765625 0.47578125 0.0484375 0.10625