6 0.5765625 0.6515625 0.0703125 0.13125
6 0.3171875 0.49140625 0.059375 0.1328125
6 0.19140625 0.48984375 0.05 0.1171875
6 0.4828125 0.409375 0.0453125 0.0953125
6 0.515625 0.45390625 0.05 0.1078125
6 0.403125 0.51484375 0.0453125 0.1171875
6 0.29296875 0.46875 0.0453125 0.1171875
6 0.390625 0.41484375 0.0484375 0.1125
6 0.31796875 0.34453125 0.0421875 0.0921875
6 0.26640625 0.32265625 0.046875 0.1125
6 0.7265625 0.6015625 0.04375 0.1046875
6 0.62265625 0.56953125 0.053125 0.109375
5 0.75625 0.503125 0.05 0.121875
6 0.11328125 0.3859375 0.0484375 0.121875
4 0.2734375 0.35234375 0.0109375 0.0234375