6 0.38046875 0.7796875 0.075 0.1578125
6 0.48515625 0.603125 0.0625 0.1125
6 0.753125 0.50859375 0.06875 0.121875
6 0.7859375 0.4734375 0.0578125 0.10625
6 0.6609375 0.45859375 0.0609375 0.1234375
6 0.4296875 0.421875 0.0453125 0.1125
6 0.4265625 0.52265625 0.0546875 0.128125
6 0.40625 0.5734375 0.05 0.109375
6 0.62265625 0.39609375 0.0484375 0.096875
6 0.446875 0.29375 0.046875 0.090625
6 0.85546875 0.2921875 0.05 0.0953125
6 0.7578125 0.209375 0.0453125 0.0953125
6 0.78125 0.1765625 0.0421875 0.09375
6 0.9296875 0.428125 0.059375 0.11875
6 0.98125 0.571875 0.0375 0.146875
3 0.36640625 0.3984375 0.046875 0.0984375
6 0.17734375 0.48515625 0.053125 0.1140625
6 0.09765625 0.4265625 0.0515625 0.1140625
6 0.0296875 0.51953125 0.059375 0.1265625
6 0.2359375 0.2921875 0.046875 0.0875
6 0.2625 0.253125 0.0359375 0.078125
4 0.415625 0.61015625 0.01875 0.0265625