6 0.415625 0.38515625 0.0359375 0.075
6 0.43515625 0.534375 0.04375 0.109375
6 0.39453125 0.4390625 0.0390625 0.08125
6 0.3625 0.5015625 0.0375 0.1125
6 0.6890625 0.59296875 0.0421875 0.1109375
3 0.0828125 0.48984375 0.040625 0.1109375
6 0.603125 0.6015625 0.034375 0.0953125
6 0.5703125 0.49609375 0.0375 0.0859375
6 0.2796875 0.6765625 0.046875 0.1390625
6 0.7078125 0.63046875 0.0390625 0.1171875
6 0.20546875 0.89453125 0.06875 0.171875
6 0.07890625 0.36640625 0.0296875 0.084375
6 0.2453125 0.5765625 0.0375 0.1171875
5 0.7671875 0.4234375 0.0359375 0.0890625
6 0.60546875 0.546875 0.03125 0.0875
6 0.515625 0.5 0.0421875 0.1046875
6 0.63125 0.60859375 0.0375 0.1109375
6 0.5265625 0.50390625 0.0328125 0.090625
4 0.6375 0.4109375 0.0140625 0.0234375