6 0.42109375 0.5875 0.034375 0.103125
6 0.3359375 0.41484375 0.03125 0.0796875
6 0.5171875 0.5171875 0.03125 0.0890625
6 0.23203125 0.35546875 0.028125 0.075
6 0.63828125 0.55625 0.03125 0.084375
3 0.04765625 0.4734375 0.034375 0.0984375
6 0.21328125 0.5234375 0.0328125 0.096875
6 0.31953125 0.5765625 0.0296875 0.0921875
6 0.565625 0.7734375 0.040625 0.115625
6 0.27421875 0.54375 0.03125 0.0953125
6 0.70390625 0.60703125 0.034375 0.1078125
6 0.65546875 0.70234375 0.0359375 0.1125
6 0.23984375 0.728125 0.0375 0.1265625
6 0.46640625 0.55546875 0.0375 0.1
5 0.721875 0.39765625 0.0328125 0.078125
4 0.4828125 0.59765625 0.009375 0.015625