6 0.875 0.6046875 0.2421875 0.103125
6 0.7578125 0.34609375 0.2515625 0.096875
6 0.640625 0.45390625 0.2265625 0.0984375
6 0.678125 0.871875 0.209375 0.0859375
5 0.48671875 0.82265625 0.2015625 0.0953125
6 0.5015625 0.615625 0.21875 0.125
6 0.4921875 0.5234375 0.1953125 0.0765625
6 0.49296875 0.2765625 0.203125 0.0953125
6 0.43359375 0.375 0.19375 0.06875
6 0.3765625 0.321875 0.203125 0.0703125
6 0.44921875 0.4640625 0.1671875 0.071875
6 0.290625 0.43203125 0.1359375 0.059375
5 0.28671875 0.275 0.1671875 0.06875
6 0.36875 0.36015625 0.159375 0.0625
6 0.36640625 0.48828125 0.159375 0.075
4 0.30078125 0.4515625 0.0375 0.0234375