6 0.38515625 0.3359375 0.1703125 0.05625
6 0.57890625 0.45859375 0.1578125 0.04375
6 0.5078125 0.57109375 0.1515625 0.0453125
6 0.35625 0.16328125 0.1734375 0.0546875
6 0.49609375 0.50390625 0.16875 0.053125
6 0.575 0.20703125 0.1328125 0.0453125
6 0.4171875 0.85703125 0.1640625 0.05625
6 0.58046875 0.39609375 0.140625 0.0375
6 0.56015625 0.31796875 0.1453125 0.0421875
5 0.54921875 0.79296875 0.1265625 0.05
6 0.59296875 0.35 0.15 0.04375
6 0.7484375 0.02265625 0.1234375 0.0328125
6 0.53984375 0.25703125 0.1390625 0.0453125
6 0.57421875 0.42890625 0.15625 0.0390625
6 0.41640625 0.8875 0.153125 0.0453125