6 0.80234375 0.6609375 0.0609375 0.1125
6 0.36328125 0.50625 0.05625 0.1078125
6 0.5359375 0.5265625 0.05625 0.1078125
6 0.59765625 0.484375 0.053125 0.1015625
6 0.27890625 0.28203125 0.040625 0.0828125
6 0.24375 0.35390625 0.0484375 0.0953125
6 0.3 0.415625 0.0515625 0.0984375
6 0.41484375 0.4078125 0.046875 0.0859375
6 0.3421875 0.425 0.0421875 0.0859375
6 0.6421875 0.4234375 0.0453125 0.0890625
6 0.403125 0.2296875 0.034375 0.065625
6 0.79921875 0.8203125 0.084375 0.146875
6 0.60390625 0.27578125 0.034375 0.06875
6 0.659375 0.48671875 0.05 0.1
6 0.65546875 0.33515625 0.0375 0.0703125
6 0.18203125 0.42109375 0.05 0.1015625
6 0.35390625 0.3578125 0.0421875 0.0859375
3 0.3625 0.32109375 0.0390625 0.075
4 0.34140625 0.45390625 0.0125 0.0171875