6 0.8234375 0.61171875 0.0453125 0.109375
6 0.365625 0.52734375 0.040625 0.1046875
6 0.53984375 0.52109375 0.0421875 0.10625
6 0.59375 0.46875 0.0390625 0.1
6 0.24765625 0.31953125 0.0296875 0.08125
6 0.22421875 0.39609375 0.0359375 0.0921875
6 0.2890625 0.44765625 0.0375 0.0953125
6 0.4015625 0.42265625 0.034375 0.084375
6 0.3328125 0.45078125 0.03125 0.084375
6 0.62890625 0.40234375 0.0328125 0.0875
6 0.36171875 0.24765625 0.025 0.0640625
6 0.84609375 0.76953125 0.0640625 0.14375
6 0.56796875 0.26171875 0.025 0.0671875
6 0.65546875 0.46171875 0.0359375 0.0984375
6 0.628125 0.3125 0.028125 0.06875
6 0.17421875 0.47109375 0.0359375 0.0984375
6 0.33359375 0.3828125 0.03125 0.084375
3 0.33671875 0.34453125 0.028125 0.0734375
4 0.33671875 0.4796875 0.0109375 0.015625