6 0.81015625 0.56953125 0.0328125 0.109375
6 0.2734375 0.58828125 0.0359375 0.1109375
6 0.44453125 0.4578125 0.0296875 0.0953125
6 0.1546875 0.41171875 0.0296875 0.0890625
6 0.31796875 0.63203125 0.0328125 0.125
6 0.06640625 0.76015625 0.0546875 0.1453125
6 0.60234375 0.49921875 0.034375 0.1046875
6 0.31328125 0.54140625 0.03125 0.103125
6 0.37109375 0.415625 0.03125 0.078125
6 0.25234375 0.43359375 0.0375 0.0875
6 0.67109375 0.4203125 0.028125 0.084375
6 0.0953125 0.4859375 0.034375 0.1109375
6 0.73046875 0.55 0.0328125 0.10625
6 0.50625 0.51328125 0.028125 0.1
3 0.265625 0.39140625 0.03125 0.078125
6 0.51953125 0.3390625 0.025 0.0703125
6 0.62578125 0.39609375 0.0265625 0.075
6 0.725 0.478125 0.0265625 0.096875
4 0.35 0.3875 0.0109375 0.028125