6 0.7171875 0.49296875 0.053125 0.1078125
6 0.78515625 0.5171875 0.0578125 0.1015625
6 0.253125 0.28671875 0.0484375 0.096875
3 0.49140625 0.3140625 0.046875 0.084375
6 0.52734375 0.38203125 0.0515625 0.1
6 0.3859375 0.50234375 0.0546875 0.096875
6 0.30859375 0.42109375 0.05 0.1046875
6 0.25390625 0.5609375 0.0625 0.1296875
6 0.83203125 0.31953125 0.0453125 0.0734375
6 0.4703125 0.22265625 0.0421875 0.08125
6 0.425 0.51015625 0.0515625 0.0984375
6 0.9390625 0.74921875 0.0578125 0.121875
6 0.846875 0.45078125 0.053125 0.0953125
6 0.4984375 0.8203125 0.0875 0.1671875
6 0.56640625 0.5640625 0.0578125 0.1109375
6 0.07734375 0.25703125 0.05625 0.1078125
6 0.81171875 0.2625 0.0375 0.0625
6 0.41640625 0.34609375 0.0484375 0.0984375
6 0.025 0.3703125 0.040625 0.1125