6 0.50546875 0.5921875 0.0609375 0.1015625
3 0.13671875 0.33046875 0.0515625 0.08125
6 0.2734375 0.22734375 0.0390625 0.06875
6 0.32890625 0.40390625 0.0484375 0.0875
6 0.159375 0.3828125 0.0453125 0.084375
6 0.5875 0.4640625 0.0453125 0.078125
6 0.1 0.43046875 0.0609375 0.1109375
6 0.4859375 0.3578125 0.0484375 0.08125
6 0.6421875 0.825 0.075 0.1203125
6 0.5359375 0.53203125 0.046875 0.0828125
6 0.6671875 0.67734375 0.05625 0.0953125
6 0.40859375 0.56015625 0.059375 0.0984375
6 0.29609375 0.62734375 0.059375 0.1046875
6 0.1 0.2671875 0.0484375 0.084375
6 0.9890625 0.48984375 0.021875 0.0734375
6 0.45703125 0.28046875 0.0421875 0.0734375
6 0.32734375 0.60703125 0.05 0.0859375
6 0.4265625 0.45703125 0.0515625 0.0921875
4 0.628125 0.79296875 0.015625 0.021875