6 0.88046875 0.5703125 0.2390625 0.121875
6 0.74296875 0.32421875 0.2515625 0.115625
6 0.63671875 0.44140625 0.228125 0.115625
6 0.71015625 0.8546875 0.209375 0.1015625
5 0.51484375 0.82265625 0.203125 0.1109375
6 0.51171875 0.61484375 0.221875 0.1421875
6 0.49453125 0.52421875 0.1953125 0.0921875
6 0.4734375 0.278125 0.2046875 0.1109375
6 0.42265625 0.38125 0.19375 0.084375
6 0.36171875 0.33359375 0.203125 0.0875
6 0.44609375 0.46796875 0.1671875 0.084375
6 0.28515625 0.45078125 0.1359375 0.06875
5 0.26796875 0.29453125 0.1671875 0.08125
6 0.3578125 0.37265625 0.1609375 0.075
6 0.365625 0.5 0.159375 0.0875
4 0.29765625 0.46953125 0.0375 0.025