6 0.56328125 0.79453125 0.13125 0.0390625
6 0.50859375 0.98125 0.1296875 0.0375
6 0.440625 0.821875 0.0890625 0.0421875
6 0.45703125 0.74453125 0.1125 0.0453125
6 0.51875 0.665625 0.1375 0.040625
6 0.56875 0.52734375 0.121875 0.0375
6 0.615625 0.36875 0.121875 0.0375
6 0.56953125 0.2515625 0.125 0.0453125
6 0.45234375 0.48828125 0.1046875 0.0453125
6 0.4375 0.57109375 0.09375 0.0296875
6 0.4296875 0.6078125 0.09375 0.040625
6 0.37265625 0.7171875 0.084375 0.0375
6 0.4828125 0.625 0.084375 0.0390625
3 0.409375 0.9859375 0.0953125 0.0265625
6 0.521875 0.36328125 0.109375 0.040625
6 0.5171875 0.34375 0.096875 0.0359375
5 0.46484375 0.24296875 0.1078125 0.034375
4 0.48046875 0.7578125 0.0203125 0.0109375