6 0.63046875 0.5078125 0.065625 0.115625
6 0.3453125 0.44921875 0.0546875 0.090625
6 0.67578125 0.45546875 0.0703125 0.1171875
6 0.45703125 0.5625 0.0734375 0.134375
3 0.0265625 0.515625 0.053125 0.115625
6 0.67109375 0.6265625 0.0828125 0.1515625
6 0.8578125 0.5125 0.0796875 0.1421875
5 0.92109375 0.34609375 0.0625 0.109375
6 0.03203125 0.628125 0.059375 0.1296875
6 0.2703125 0.44375 0.0453125 0.0828125
6 0.1140625 0.80546875 0.084375 0.159375
6 0.29375 0.5078125 0.059375 0.10625
6 0.5421875 0.47265625 0.0578125 0.1109375
6 0.52109375 0.403125 0.053125 0.090625
6 0.39765625 0.390625 0.0484375 0.090625
4 0.3453125 0.415625 0.0140625 0.0203125