6 0.4734375 0.47265625 0.096875 0.028125
6 0.49375 0.7578125 0.09375 0.03125
6 0.5171875 0.634375 0.0921875 0.0265625
6 0.40703125 0.528125 0.109375 0.03125
3 0.58984375 0.24375 0.0953125 0.0265625
6 0.546875 0.66953125 0.0875 0.025
6 0.45 0.43984375 0.10625 0.0296875
6 0.24609375 0.33046875 0.1296875 0.046875
6 0.52890625 0.290625 0.103125 0.0296875
6 0.465625 0.6625 0.1 0.028125
6 0.40390625 0.89375 0.109375 0.0328125
6 0.4125 0.8609375 0.11875 0.0359375
6 0.58828125 0.5984375 0.0859375 0.0265625
6 0.60859375 0.36171875 0.0765625 0.0234375
6 0.5859375 0.46171875 0.0765625 0.0234375
6 0.64140625 0.47109375 0.06875 0.0234375
6 0.56328125 0.3890625 0.08125 0.0234375
6 0.56015625 0.4125 0.0890625 0.021875