6 0.03125 0.5515625 0.0328125 0.1375
6 0.31640625 0.64609375 0.03125 0.14375
6 0.31953125 0.4484375 0.03125 0.11875
6 0.45703125 0.59296875 0.034375 0.1484375
6 0.3828125 0.31796875 0.0390625 0.1015625
6 0.49609375 0.50390625 0.0375 0.1203125
6 0.53671875 0.50546875 0.0390625 0.1078125
6 0.58671875 0.4515625 0.0390625 0.1125
6 0.6375 0.47421875 0.0296875 0.1046875
6 0.69765625 0.6078125 0.028125 0.1484375
6 0.71875 0.615625 0.03125 0.128125
6 0.76875 0.52734375 0.0296875 0.1328125
6 0.62890625 0.53984375 0.040625 0.109375
6 0.6015625 0.56015625 0.0296875 0.1203125
5 0.8109375 0.47734375 0.0359375 0.128125
3 0.0703125 0.46484375 0.0359375 0.1203125
6 0.24765625 0.26796875 0.021875 0.071875
4 0.26875 0.29296875 0.0109375 0.0296875