6 0.39453125 0.65390625 0.103125 0.034375
6 0.47890625 0.3484375 0.0953125 0.0296875
6 0.62265625 0.06953125 0.0765625 0.0234375
6 0.55625 0.3828125 0.0859375 0.0296875
6 0.35 0.58046875 0.0921875 0.0359375
3 0.4765625 0.090625 0.1140625 0.0328125
6 0.10625 0.23125 0.1703125 0.05625
6 0.41640625 0.36328125 0.0890625 0.0359375
6 0.4921875 0.48984375 0.0859375 0.0265625
6 0.43359375 0.4359375 0.0953125 0.0296875
6 0.29296875 0.2875 0.1421875 0.0390625
6 0.61953125 0.29453125 0.0609375 0.025
6 0.34921875 0.74765625 0.1234375 0.0328125
5 0.59765625 0.759375 0.0953125 0.0328125
6 0.41640625 0.74765625 0.09375 0.03125
6 0.4890625 0.571875 0.0921875 0.0265625
6 0.48203125 0.55703125 0.0859375 0.0265625
4 0.53046875 0.5171875 0.0234375 0.0140625