6 0.83203125 0.5828125 0.0359375 0.10625
6 0.36875 0.5390625 0.0328125 0.1015625
6 0.54140625 0.5171875 0.0328125 0.103125
6 0.590625 0.4609375 0.03125 0.096875
6 0.2328125 0.3421875 0.0234375 0.0796875
6 0.21640625 0.4203125 0.028125 0.090625
6 0.28515625 0.46640625 0.0296875 0.09375
6 0.3953125 0.43125 0.0265625 0.0828125
6 0.32890625 0.465625 0.0234375 0.0828125
6 0.61953125 0.39140625 0.025 0.0859375
6 0.340625 0.2609375 0.0203125 0.0625
6 0.86796875 0.73828125 0.0515625 0.1390625
6 0.546875 0.25703125 0.01875 0.065625
6 0.6515625 0.4484375 0.028125 0.0953125
6 0.6109375 0.30234375 0.0234375 0.0671875
6 0.17265625 0.5 0.028125 0.096875
6 0.32421875 0.39765625 0.0234375 0.0828125
3 0.3234375 0.359375 0.021875 0.071875
4 0.33515625 0.49375 0.009375 0.015625