6 0.30078125 0.74375 0.084375 0.15
6 0.0953125 0.6203125 0.0828125 0.134375
6 0.453125 0.584375 0.0609375 0.109375
6 0.203125 0.51484375 0.0578125 0.0953125
6 0.2515625 0.50390625 0.0625 0.0921875
6 0.30234375 0.45390625 0.0703125 0.1046875
6 0.390625 0.50703125 0.05625 0.0890625
6 0.4171875 0.57734375 0.0734375 0.1203125
6 0.6734375 0.55703125 0.08125 0.1390625
6 0.4734375 0.478125 0.0609375 0.1046875
6 0.4984375 0.4546875 0.0640625 0.10625
6 0.55546875 0.43984375 0.08125 0.11875
6 0.6125 0.45 0.06875 0.115625
6 0.8 0.49296875 0.0734375 0.1296875
5 0.8859375 0.3171875 0.0703125 0.121875
6 0.4265625 0.4171875 0.0609375 0.0953125
6 0.396875 0.37890625 0.05 0.08125
6 0.24296875 0.45078125 0.053125 0.075
3 0.05234375 0.5234375 0.0625 0.1
4 0.21953125 0.546875 0.009375 0.0140625