6 0.45625 0.140625 0.15 0.0390625
6 0.2078125 0.1296875 0.178125 0.06875
6 0.38671875 0.0171875 0.1671875 0.034375
6 0.49140625 0.025 0.1390625 0.046875
6 0.58359375 0.4015625 0.1125 0.0390625
6 0.503125 0.44140625 0.11875 0.034375
6 0.12734375 0.45234375 0.16875 0.0546875
6 0.1828125 0.58515625 0.184375 0.0515625
6 0.15859375 0.78359375 0.1609375 0.053125
6 0.38203125 0.8015625 0.1265625 0.046875
6 0.3609375 0.49375 0.1296875 0.05625
6 0.4921875 0.7328125 0.11875 0.0421875
6 0.459375 0.79765625 0.1171875 0.0359375
6 0.4953125 0.58515625 0.1140625 0.0546875
6 0.53046875 0.54921875 0.1140625 0.0359375
6 0.48203125 0.51328125 0.0984375 0.0484375
3 0.41796875 0.51953125 0.1375 0.0453125
4 0.4859375 0.68671875 0.03125 0.0125
3 0.75546875 0.2765625 0.0859375 0.0375