6 0.42109375 0.61875 0.0796875 0.0515625
6 0.5546875 0.54921875 0.1140625 0.0671875
6 0.47890625 0.6203125 0.0859375 0.05625
6 0.5484375 0.62890625 0.115625 0.0625
6 0.52265625 0.290625 0.1140625 0.0671875
3 0.6328125 0.8953125 0.1140625 0.065625
6 0.56015625 0.36796875 0.0984375 0.05625
6 0.471875 0.43515625 0.090625 0.05625
6 0.740625 0.646875 0.1421875 0.078125
6 0.5515625 0.26015625 0.1203125 0.065625
6 0.940625 0.6421875 0.11875 0.10625
6 0.51796875 0.94140625 0.0859375 0.0484375
6 0.659375 0.7125 0.1203125 0.0640625
5 0.33671875 0.27578125 0.0921875 0.0546875
6 0.5078125 0.38515625 0.090625 0.0515625
6 0.49453125 0.48515625 0.109375 0.065625
6 0.55703125 0.33984375 0.1140625 0.0625
6 0.49453125 0.47421875 0.09375 0.053125
4 0.36953125 0.40078125 0.0265625 0.01875