6 0.06953125 0.49296875 0.040625 0.1109375
6 0.48515625 0.39453125 0.0296875 0.090625
6 0.23515625 0.42890625 0.0328125 0.090625
6 0.65625 0.63984375 0.04375 0.140625
6 0.54921875 0.5671875 0.0359375 0.109375
6 0.425 0.53515625 0.0375 0.1203125
6 0.81640625 0.6015625 0.0421875 0.13125
6 0.1203125 0.6734375 0.046875 0.140625
5 0.96640625 0.44609375 0.0375 0.109375
6 0.30390625 0.44765625 0.03125 0.0921875
3 0.06328125 0.38515625 0.0296875 0.1
6 0.64453125 0.49765625 0.0328125 0.1140625
6 0.54921875 0.43671875 0.034375 0.1015625
6 0.49609375 0.4828125 0.0328125 0.103125
6 0.39765625 0.38359375 0.028125 0.1015625
6 0.278125 0.39296875 0.025 0.0984375
6 0.5078125 0.47734375 0.03125 0.1078125
4 0.32578125 0.42890625 0.009375 0.021875