6 0.49296875 0.834375 0.0765625 0.15625
6 0.50859375 0.60546875 0.0640625 0.1328125
6 0.3890625 0.578125 0.04375 0.121875
6 0.21171875 0.475 0.06875 0.1296875
6 0.07734375 0.39375 0.053125 0.125
6 0.3828125 0.4171875 0.0359375 0.0984375
6 0.3671875 0.53203125 0.0484375 0.1140625
6 0.65234375 0.4484375 0.05 0.115625
6 0.596875 0.503125 0.0515625 0.125
6 0.60546875 0.428125 0.0484375 0.103125
6 0.6296875 0.50078125 0.04375 0.1140625
6 0.85 0.4234375 0.0515625 0.1234375
6 0.98046875 0.60234375 0.0390625 0.1609375
6 0.84140625 0.31484375 0.05625 0.1203125
6 0.73515625 0.2234375 0.0421875 0.0890625
6 0.76015625 0.1859375 0.040625 0.09375
6 0.43046875 0.2796875 0.040625 0.0953125
6 0.28984375 0.2359375 0.0375 0.078125
6 0.315625 0.23359375 0.0375 0.0796875
3 0.3609375 0.36640625 0.040625 0.10625
4 0.56328125 0.53984375 0.01875 0.0359375
6 0.01640625 0.4953125 0.0328125 0.11875