6 0.32578125 0.7640625 0.0609375 0.1609375
6 0.2265625 0.68984375 0.0453125 0.1421875
6 0.02265625 0.58046875 0.0453125 0.1640625
6 0.18203125 0.5265625 0.059375 0.1359375
6 0.2640625 0.4453125 0.046875 0.1265625
6 0.46875 0.53203125 0.0625 0.1328125
6 0.47734375 0.82109375 0.0796875 0.1796875
6 0.60625 0.71015625 0.0671875 0.15625
6 0.6421875 0.4921875 0.0515625 0.1453125
6 0.5609375 0.43359375 0.0421875 0.125
6 0.59765625 0.34609375 0.0375 0.1171875
6 0.878125 0.459375 0.053125 0.140625
6 0.9390625 0.42890625 0.046875 0.1296875
6 0.6578125 0.6625 0.0484375 0.1484375
6 0.784375 0.63828125 0.090625 0.1484375
6 0.71015625 0.62890625 0.059375 0.125
6 0.2171875 0.490625 0.046875 0.134375
6 0.56953125 0.34296875 0.0421875 0.0984375
3 0.82578125 0.50390625 0.05625 0.1421875
3 0.59296875 0.18203125 0.034375 0.0890625