6 0.23203125 0.665625 0.0390625 0.1453125
6 0.078125 0.48203125 0.0421875 0.128125
6 0.428125 0.56484375 0.028125 0.10625
6 0.21484375 0.4171875 0.0296875 0.0921875
6 0.2640625 0.42265625 0.0375 0.084375
6 0.328125 0.3921875 0.040625 0.0953125
6 0.39453125 0.47109375 0.03125 0.0828125
6 0.396875 0.54609375 0.0390625 0.1140625
6 0.6453125 0.61015625 0.0390625 0.1328125
6 0.48203125 0.4703125 0.0296875 0.1
6 0.51328125 0.45625 0.0328125 0.1015625
6 0.571875 0.4609375 0.0484375 0.1078125
6 0.62265625 0.4890625 0.034375 0.1109375
6 0.7859375 0.59140625 0.034375 0.125
5 0.92421875 0.45234375 0.034375 0.1171875
6 0.4578125 0.39765625 0.034375 0.0890625
6 0.4421875 0.35234375 0.0265625 0.0765625
6 0.2734375 0.36953125 0.0328125 0.0671875
3 0.06875 0.3765625 0.034375 0.09375
4 0.21953125 0.453125 0.00625 0.0125