6 0.79375 0.62265625 0.0515625 0.1140625
6 0.26171875 0.54765625 0.053125 0.115625
6 0.45234375 0.4484375 0.0453125 0.1
6 0.175 0.353125 0.04375 0.0921875
6 0.29765625 0.5984375 0.0546875 0.128125
6 0.03359375 0.68125 0.0671875 0.153125
6 0.60078125 0.5171875 0.0515625 0.109375
6 0.30859375 0.50859375 0.0484375 0.10625
6 0.3875 0.39453125 0.04375 0.0828125
6 0.26796875 0.39140625 0.0515625 0.0921875
6 0.68203125 0.4515625 0.0421875 0.0875
6 0.10390625 0.415625 0.053125 0.1140625
6 0.71796875 0.5890625 0.05 0.1109375
6 0.50390625 0.5140625 0.0453125 0.103125
3 0.28828125 0.35234375 0.04375 0.0828125
6 0.546875 0.34453125 0.0375 0.075
6 0.6421875 0.41953125 0.0390625 0.078125
6 0.725 0.5171875 0.0421875 0.1
4 0.371875 0.36328125 0.0171875 0.0296875