6 0.6140625 0.7796875 0.134375 0.0578125
6 0.59140625 0.97265625 0.1328125 0.0546875
6 0.496875 0.82734375 0.09375 0.0546875
6 0.5 0.7484375 0.1171875 0.0609375
6 0.54765625 0.66015625 0.140625 0.0578125
6 0.57265625 0.51484375 0.1265625 0.0546875
6 0.590625 0.35 0.1265625 0.0546875
6 0.525 0.24375 0.1296875 0.0625
6 0.4515625 0.496875 0.1109375 0.059375
6 0.45078125 0.58046875 0.096875 0.0421875
6 0.44921875 0.61875 0.0984375 0.053125
6 0.4125 0.7359375 0.0890625 0.0484375
6 0.5046875 0.62578125 0.0890625 0.0515625
3 0.49453125 0.9875 0.0984375 0.025
6 0.49765625 0.36171875 0.1140625 0.05625
6 0.48984375 0.34296875 0.1015625 0.0484375
5 0.4203125 0.253125 0.1109375 0.0484375
4 0.52578125 0.75703125 0.021875 0.0125