6 0.33203125 0.8515625 0.0625 0.2359375
6 0.60703125 0.78046875 0.0546875 0.2453125
6 0.52109375 0.646875 0.0609375 0.2203125
6 0.103125 0.6109375 0.0515625 0.2046875
5 0.184375 0.43046875 0.0640625 0.19375
6 0.3859375 0.48125 0.0921875 0.2046875
6 0.478125 0.48828125 0.0453125 0.190625
6 0.72109375 0.53203125 0.0625 0.1953125
6 0.634375 0.45625 0.0359375 0.190625
6 0.696875 0.409375 0.0359375 0.2
6 0.54453125 0.45625 0.04375 0.1609375
6 0.603125 0.30546875 0.0359375 0.13125
5 0.75859375 0.32890625 0.040625 0.1625
6 0.66015625 0.3953125 0.0359375 0.15625
6 0.534375 0.3703125 0.05 0.1515625
4 0.58203125 0.3125 0.0171875 0.034375