6 0.50703125 0.06953125 0.1109375 0.040625
6 0.60546875 0.48515625 0.090625 0.0296875
6 0.57109375 0.23515625 0.090625 0.0328125
6 0.36015625 0.65625 0.140625 0.0421875
6 0.4328125 0.54921875 0.109375 0.0359375
6 0.46484375 0.425 0.1203125 0.0390625
6 0.3984375 0.81640625 0.13125 0.0421875
6 0.3265625 0.1203125 0.1421875 0.046875
5 0.55390625 0.96640625 0.109375 0.0375
6 0.55234375 0.30390625 0.0921875 0.03125
3 0.61484375 0.06328125 0.1 0.0296875
6 0.50234375 0.64453125 0.1140625 0.0328125
6 0.56328125 0.54921875 0.1015625 0.034375
6 0.5171875 0.49609375 0.103125 0.0328125
6 0.61640625 0.39765625 0.1015625 0.028125
6 0.60703125 0.278125 0.0984375 0.0265625
6 0.52265625 0.5078125 0.1078125 0.03125
4 0.57109375 0.32578125 0.021875 0.009375