6 0.1984375 0.590625 0.075 0.15
6 0.096875 0.3734375 0.075 0.134375
6 0.4140625 0.54375 0.0546875 0.109375
6 0.24609375 0.34609375 0.0515625 0.0953125
6 0.2921875 0.3640625 0.0578125 0.090625
6 0.36171875 0.3515625 0.0640625 0.103125
6 0.40546875 0.44453125 0.0515625 0.0875
6 0.38828125 0.51796875 0.0671875 0.1203125
6 0.61171875 0.64375 0.0734375 0.1390625
6 0.490625 0.46640625 0.0546875 0.1046875
6 0.52421875 0.4609375 0.0578125 0.10625
6 0.5796875 0.48125 0.075 0.1171875
6 0.62109375 0.52109375 0.0609375 0.115625
6 0.75234375 0.6625 0.065625 0.1296875
5 0.921875 0.5640625 0.0640625 0.121875
6 0.4859375 0.38984375 0.05625 0.0953125
6 0.48203125 0.3421875 0.046875 0.08125
6 0.31484375 0.315625 0.05 0.0734375
3 0.115625 0.26953125 0.0578125 0.1
4 0.24140625 0.38203125 0.009375 0.0140625