6 0.42421875 0.5609375 0.053125 0.0953125
6 0.72734375 0.67421875 0.0640625 0.115625
3 0.11484375 0.59453125 0.0515625 0.09375
6 0.34609375 0.44453125 0.034375 0.06875
6 0.78984375 0.528125 0.0546875 0.1
6 0.25 0.62578125 0.05625 0.1015625
6 0.3453125 0.61875 0.0484375 0.090625
6 0.465625 0.58671875 0.046875 0.0828125
6 0.01953125 0.4828125 0.0390625 0.0671875
6 0.52109375 0.61875 0.05625 0.1015625
6 0.53671875 0.48671875 0.046875 0.0765625
6 0.44921875 0.73671875 0.0671875 0.1265625
6 0.25390625 0.41875 0.0375 0.065625
5 0.734375 0.3 0.0515625 0.084375
6 0.71015625 0.77265625 0.071875 0.128125
6 0.2703125 0.58828125 0.046875 0.096875
6 0.09765625 0.77109375 0.065625 0.121875
4 0.4890625 0.6 0.0140625 0.021875