6 0.43671875 0.31328125 0.1734375 0.0953125
6 0.44140625 0.16875 0.1796875 0.096875
6 0.34296875 0.73671875 0.1828125 0.1109375
6 0.6296875 0.221875 0.1453125 0.075
6 0.60625 0.30078125 0.16875 0.090625
6 0.47578125 0.4765625 0.159375 0.084375
6 0.57421875 0.4125 0.1515625 0.075
6 0.61953125 0.34375 0.1484375 0.0734375
6 0.61953125 0.17265625 0.1578125 0.0859375
5 0.49609375 0.79296875 0.14375 0.078125
6 0.5140625 0.51015625 0.128125 0.065625
6 0.81796875 0.0828125 0.1140625 0.0515625
6 0.57578125 0.459375 0.153125 0.08125