6 0.109375 0.30078125 0.0484375 0.10625
6 0.64765625 0.378125 0.046875 0.1046875
6 0.38046875 0.3375 0.040625 0.096875
6 0.678125 0.40625 0.05 0.109375
3 0.56875 0.39765625 0.05 0.1046875
6 0.45078125 0.54375 0.0546875 0.1265625
6 0.140625 0.421875 0.05625 0.1296875
6 0.07421875 0.440625 0.053125 0.115625
6 0.0484375 0.53828125 0.0578125 0.140625
6 0.4390625 0.23046875 0.0375 0.090625
6 0.34609375 0.26953125 0.0390625 0.096875
6 0.81015625 0.52578125 0.0515625 0.1140625
6 0.49453125 0.52890625 0.0484375 0.1296875
6 0.9875 0.48203125 0.025 0.0921875
4 0.79375 0.45390625 0.015625 0.0359375