6 0.440625 0.9265625 0.115625 0.053125
6 0.39375 0.5015625 0.09375 0.040625
6 0.396875 0.75390625 0.09375 0.04375
6 0.6578125 0.36171875 0.1453125 0.059375
6 0.57265625 0.459375 0.1125 0.0484375
6 0.52578125 0.57890625 0.1234375 0.053125
6 0.6390625 0.1984375 0.1359375 0.0578125
6 0.62578125 0.89765625 0.1453125 0.0640625
5 0.503125 0.03046875 0.1125 0.05
6 0.42421875 0.68828125 0.0953125 0.0421875
3 0.3328125 0.91953125 0.103125 0.0421875
6 0.515625 0.35625 0.1171875 0.046875
6 0.44296875 0.44375 0.1046875 0.046875
6 0.4828125 0.5015625 0.10625 0.0453125
6 0.371875 0.5875 0.1046875 0.040625
6 0.36640625 0.70703125 0.1015625 0.0375
6 0.478125 0.48984375 0.1109375 0.04375
4 0.40859375 0.6640625 0.0234375 0.0125