3 0.94609375 0.58359375 0.0484375 0.1203125
6 0.63828125 0.5828125 0.040625 0.121875
6 0.5765625 0.72265625 0.05625 0.1484375
6 0.546875 0.62109375 0.0453125 0.0984375
6 0.58984375 0.525 0.04375 0.11875
6 0.6234375 0.4953125 0.046875 0.1171875
6 0.571875 0.4359375 0.0328125 0.0984375
6 0.53359375 0.45078125 0.0390625 0.0890625
6 0.44765625 0.5 0.04375 0.1140625
6 0.26875 0.41328125 0.034375 0.1015625
6 0.22890625 0.696875 0.0421875 0.1390625
6 0.1578125 0.4890625 0.0390625 0.11875
3 0.02734375 0.528125 0.0359375 0.1328125
6 0.03046875 0.35234375 0.04375 0.1078125
5 0.31640625 0.31640625 0.040625 0.1