6 0.3515625 0.25859375 0.1421875 0.0359375
6 0.53828125 0.2234375 0.1109375 0.0390625
6 0.60390625 0.33984375 0.0921875 0.0328125
6 0.5296875 0.43203125 0.103125 0.0484375
6 0.69140625 0.1359375 0.10625 0.03125
6 0.6953125 0.059375 0.1046875 0.034375
5 0.71015625 0.3640625 0.0984375 0.0234375
3 0.51640625 0.03203125 0.125 0.040625
6 0.31328125 0.68671875 0.1328125 0.04375
6 0.37265625 0.55625 0.1234375 0.04375
6 0.46015625 0.7328125 0.090625 0.0328125
6 0.4296875 0.79921875 0.1078125 0.03125
6 0.4 0.76171875 0.1328125 0.034375
4 0.4484375 0.66171875 0.0328125 0.0109375
6 0.45703125 0.5578125 0.1 0.04375
6 0.40546875 0.59453125 0.109375 0.05
3 0.34921875 0.9765625 0.1328125 0.04375