6 0.5078125 0.353125 0.05 0.10625
6 0.384375 0.4671875 0.05625 0.115625
6 0.2859375 0.42734375 0.059375 0.1171875
6 0.4515625 0.38984375 0.0609375 0.109375
6 0.54375 0.4171875 0.05 0.10625
6 0.18671875 0.371875 0.0578125 0.121875
6 0.13984375 0.56328125 0.0625 0.146875
6 0.584375 0.478125 0.059375 0.128125
6 0.69765625 0.6421875 0.065625 0.1484375
6 0.17421875 0.64609375 0.06875 0.146875
6 0.60390625 0.421875 0.05 0.103125
6 0.3671875 0.434375 0.04375 0.0984375
4 0.34375 0.35 0.0203125 0.0296875