6 0.4578125 0.24140625 0.0875 0.040625
3 0.44296875 0.3875 0.103125 0.0421875
6 0.4609375 0.49296875 0.0859375 0.0390625
6 0.37890625 0.34375 0.1109375 0.04375
6 0.56796875 0.10546875 0.06875 0.03125
6 0.271875 0.30546875 0.1375 0.05
6 0.6953125 0.20078125 0.0484375 0.01875
6 0.3203125 0.88671875 0.1234375 0.05
6 0.4125 0.0421875 0.096875 0.0375
5 0.21015625 0.13671875 0.1578125 0.0609375
6 0.34609375 0.09609375 0.1 0.0390625
6 0.29140625 0.228125 0.125 0.046875
6 0.42421875 0.7671875 0.0359375 0.0203125