6 0.52421875 0.46953125 0.0421875 0.1046875
6 0.72421875 0.57265625 0.0453125 0.1078125
6 0.153125 0.30625 0.034375 0.08125
6 0.16796875 0.43671875 0.0390625 0.103125
6 0.4109375 0.49296875 0.0390625 0.1
6 0.77421875 0.74375 0.0578125 0.140625
3 0.196875 0.35078125 0.0375 0.08125
6 0.071875 0.48125 0.0375 0.1015625
6 0.275 0.38984375 0.0390625 0.090625
6 0.31953125 0.5078125 0.0359375 0.0890625
6 0.10703125 0.3984375 0.0375 0.1
6 0.5109375 0.3125 0.034375 0.078125
6 0.28046875 0.2359375 0.028125 0.065625
6 0.46171875 0.2546875 0.0296875 0.0703125
6 0.5859375 0.45859375 0.040625 0.0875
6 0.54453125 0.40625 0.0359375 0.0796875
6 0.34765625 0.44375 0.0359375 0.0828125
6 0.31484375 0.45703125 0.03125 0.075