6 0.946875 0.61796875 0.096875 0.1859375
6 0.3453125 0.76796875 0.090625 0.1546875
6 0.5703125 0.540625 0.0828125 0.1484375
6 0.3578125 0.571875 0.0890625 0.1484375
6 0.4703125 0.53984375 0.0765625 0.1375
6 0.39765625 0.51796875 0.0828125 0.1203125
6 0.534375 0.4328125 0.071875 0.109375
6 0.65625 0.4390625 0.075 0.125
6 0.82578125 0.41953125 0.075 0.1328125
6 0.80703125 0.34921875 0.078125 0.128125
6 0.65703125 0.378125 0.075 0.1140625
6 0.765625 0.353125 0.0734375 0.1328125
6 0.59609375 0.353125 0.05 0.103125
6 0.5703125 0.33515625 0.05625 0.109375
6 0.5375 0.3671875 0.0640625 0.1046875
6 0.51484375 0.39375 0.053125 0.096875
3 0.796875 0.49296875 0.0953125 0.1484375
6 0.37734375 0.4671875 0.0578125 0.1
3 0.77890625 0.11953125 0.0421875 0.0703125
5 0.134375 0.515625 0.065625 0.09375