6 0.54609375 0.034375 0.128125 0.0390625
6 0.65234375 0.10859375 0.1140625 0.0375
6 0.39140625 0.32109375 0.15 0.0421875
6 0.5703125 0.33984375 0.125 0.0484375
6 0.78515625 0.40390625 0.0796875 0.015625
6 0.7140625 0.48828125 0.084375 0.028125
6 0.5171875 0.403125 0.0984375 0.0265625
6 0.5578125 0.57734375 0.09375 0.0390625
6 0.38984375 0.60234375 0.1375 0.0390625
6 0.5125 0.5 0.1015625 0.0296875
6 0.52265625 0.4703125 0.09375 0.0296875
6 0.5765625 0.37890625 0.10625 0.03125
6 0.75546875 0.42578125 0.075 0.025
3 0.65234375 0.38671875 0.090625 0.028125
6 0.1296875 0.6203125 0.178125 0.05
6 0.51953125 0.684375 0.125 0.0359375
6 0.53359375 0.8046875 0.1109375 0.040625
6 0.6296875 0.84453125 0.103125 0.0359375
6 0.72890625 0.77890625 0.0890625 0.0296875
6 0.7671875 0.78984375 0.075 0.0265625
4 0.50859375 0.44765625 0.021875 0.0140625
3 0.86796875 0.1546875 0.0671875 0.021875