6 0.59453125 0.39296875 0.078125 0.04375
6 0.453125 0.44375 0.1109375 0.053125
6 0.5375 0.384375 0.084375 0.046875
6 0.4703125 0.365625 0.1140625 0.0484375
6 0.4484375 0.7046875 0.1125 0.053125
3 0.4234375 0.08984375 0.1140625 0.0515625
6 0.421875 0.62265625 0.096875 0.04375
6 0.51875 0.56796875 0.0890625 0.046875
6 0.28203125 0.32109375 0.140625 0.0609375
6 0.415625 0.73046875 0.11875 0.0515625
6 0.0703125 0.29375 0.140625 0.084375
6 0.54375 0.06015625 0.0859375 0.0375
6 0.371875 0.2671875 0.11875 0.05
5 0.63046875 0.7453125 0.090625 0.0453125
6 0.47578125 0.61328125 0.0890625 0.040625
6 0.503125 0.515625 0.1078125 0.053125
6 0.42109375 0.65078125 0.1140625 0.0484375
6 0.5015625 0.5265625 0.0921875 0.0421875
4 0.615625 0.61640625 0.025 0.015625