6 0.7734375 0.7953125 0.1828125 0.0921875
6 0.45234375 0.5890625 0.1234375 0.0640625
6 0.53359375 0.7890625 0.1375 0.059375
6 0.65234375 0.80390625 0.1578125 0.0796875
6 0.43125 0.89453125 0.1453125 0.075
6 0.39140625 0.68515625 0.1421875 0.06875
6 0.4109375 0.74609375 0.134375 0.06875
6 0.36640625 0.5875 0.1046875 0.0546875
6 0.3671875 0.63984375 0.134375 0.065625
6 0.3453125 0.42109375 0.1109375 0.0609375
6 0.346875 0.33984375 0.0984375 0.0625
6 0.44921875 0.4078125 0.1234375 0.053125
6 0.44140625 0.38125 0.1296875 0.05625
6 0.646875 0.39921875 0.1234375 0.0625
6 0.70234375 0.36640625 0.1125 0.065625
3 0.6078125 0.15546875 0.13125 0.078125
6 0.5109375 0.12109375 0.1140625 0.0671875
6 0.5078125 0.05703125 0.11875 0.065625
6 0.62265625 0.36484375 0.1109375 0.0625
6 0.215625 0.25546875 0.0875 0.0453125