6 0.52734375 0.83359375 0.090625 0.159375
6 0.51953125 0.60390625 0.0765625 0.1359375
6 0.39765625 0.5890625 0.05625 0.121875
6 0.2109375 0.50546875 0.0796875 0.1328125
6 0.06875 0.43828125 0.0640625 0.1265625
6 0.37421875 0.4296875 0.0453125 0.1
6 0.37109375 0.54609375 0.059375 0.115625
6 0.64609375 0.4328125 0.0609375 0.1171875
6 0.59609375 0.49296875 0.0640625 0.1265625
6 0.596875 0.41796875 0.0578125 0.1046875
6 0.62890625 0.4875 0.0546875 0.115625
6 0.83984375 0.38671875 0.0640625 0.125
6 0.98125 0.55 0.0375 0.1625
6 0.8203125 0.2796875 0.0671875 0.121875
6 0.7046875 0.2 0.0515625 0.090625
6 0.72578125 0.16015625 0.0484375 0.0953125
6 0.4078125 0.28828125 0.05 0.096875
6 0.2640625 0.259375 0.04375 0.0796875
6 0.2890625 0.2546875 0.0453125 0.08125
3 0.3484375 0.38203125 0.05 0.1078125
4 0.5671875 0.5328125 0.021875 0.0359375
6 0.0203125 0.546875 0.040625 0.11875