6 0.48046875 0.4671875 0.1 0.0484375
6 0.4359375 0.75 0.0984375 0.0515625
6 0.48671875 0.63515625 0.0953125 0.0453125
6 0.403125 0.50625 0.1140625 0.0546875
3 0.6453125 0.2703125 0.0984375 0.046875
6 0.5078125 0.67578125 0.090625 0.04375
6 0.46484375 0.43046875 0.1109375 0.053125
6 0.290625 0.27734375 0.1375 0.075
6 0.575 0.30234375 0.1078125 0.053125
6 0.4296875 0.65078125 0.103125 0.05
6 0.31796875 0.86171875 0.1140625 0.05625
6 0.33359375 0.83203125 0.1234375 0.0609375
6 0.5640625 0.615625 0.090625 0.0453125
6 0.63671875 0.38984375 0.0796875 0.040625
6 0.5921875 0.48203125 0.08125 0.040625
6 0.64453125 0.50390625 0.071875 0.0390625
6 0.58671875 0.40625 0.084375 0.040625
6 0.578125 0.428125 0.0921875 0.040625