6 0.5265625 0.52734375 0.096875 0.028125
6 0.50625 0.2421875 0.09375 0.03125
6 0.4828125 0.365625 0.0921875 0.0265625
6 0.59296875 0.471875 0.109375 0.03125
3 0.41015625 0.75625 0.0953125 0.0265625
6 0.453125 0.33046875 0.0875 0.025
6 0.55 0.56015625 0.10625 0.0296875
6 0.75390625 0.66953125 0.1296875 0.046875
6 0.47109375 0.709375 0.103125 0.0296875
6 0.534375 0.3375 0.1 0.028125
6 0.59609375 0.10625 0.109375 0.0328125
6 0.5875 0.1390625 0.11875 0.0359375
6 0.41171875 0.4015625 0.0859375 0.0265625
6 0.39140625 0.63828125 0.0765625 0.0234375
6 0.4140625 0.53828125 0.0765625 0.0234375
6 0.35859375 0.52890625 0.06875 0.0234375
6 0.43671875 0.6109375 0.08125 0.0234375
6 0.43984375 0.5875 0.0890625 0.021875