6 0.43125 0.37890625 0.05625 0.096875
6 0.46015625 0.43671875 0.0609375 0.1015625
6 0.66015625 0.59140625 0.0640625 0.1078125
6 0.153125 0.271875 0.0640625 0.1046875
6 0.26015625 0.45546875 0.065625 0.10625
6 0.59375 0.54375 0.0625 0.10625
6 0.69453125 0.46328125 0.0546875 0.0875
6 0.05078125 0.57734375 0.0953125 0.1578125
6 0.7015625 0.54140625 0.059375 0.1015625
6 0.20234375 0.4734375 0.078125 0.128125
6 0.74296875 0.66015625 0.0734375 0.125
6 0.540625 0.5421875 0.071875 0.109375
6 0.51796875 0.30625 0.046875 0.075
6 0.23828125 0.53984375 0.075 0.1234375
6 0.228125 0.3015625 0.0671875 0.1078125
3 0.321875 0.30078125 0.0609375 0.0953125
6 0.0640625 0.30546875 0.0734375 0.121875
6 0.63125 0.39609375 0.0515625 0.084375
4 0.61328125 0.3265625 0.021875 0.03125