6 0.96015625 0.6921875 0.0796875 0.184375
6 0.81484375 0.78671875 0.078125 0.1765625
6 0.5421875 0.78046875 0.0796875 0.171875
6 0.4296875 0.89765625 0.075 0.159375
6 0.653125 0.46171875 0.0546875 0.1171875
6 0.90546875 0.4609375 0.0546875 0.134375
6 0.778125 0.5796875 0.08125 0.1390625
6 0.41484375 0.628125 0.0671875 0.1484375
6 0.4546875 0.509375 0.05625 0.1234375
6 0.590625 0.46953125 0.053125 0.1046875
6 0.5359375 0.453125 0.065625 0.1265625
6 0.48203125 0.4703125 0.05625 0.146875
6 0.30546875 0.4109375 0.059375 0.0984375
6 0.2609375 0.525 0.0578125 0.140625
3 0.390625 0.59921875 0.0625 0.1484375
4 0.621875 0.46171875 0.01875 0.03125
3 0.03515625 0.30546875 0.0375 0.08125