6 0.27890625 0.72578125 0.075 0.1640625
6 0.1953125 0.63359375 0.05625 0.14375
6 0.02265625 0.4875 0.0453125 0.165625
6 0.1828125 0.465625 0.0703125 0.1390625
6 0.27890625 0.40078125 0.0578125 0.1296875
6 0.46328125 0.52578125 0.0734375 0.1359375
6 0.4171875 0.8109375 0.0953125 0.184375
6 0.5640625 0.7265625 0.0796875 0.159375
6 0.640625 0.51953125 0.0640625 0.1484375
6 0.571875 0.44609375 0.0515625 0.1265625
6 0.625 0.36796875 0.046875 0.11875
6 0.87890625 0.53203125 0.065625 0.14375
6 0.94453125 0.5140625 0.0578125 0.1328125
6 0.62421875 0.6890625 0.0609375 0.15
6 0.75234375 0.68984375 0.103125 0.1546875
6 0.68203125 0.66640625 0.0703125 0.128125
6 0.22421875 0.43671875 0.059375 0.1375
6 0.59765625 0.359375 0.05 0.1015625
3 0.81875 0.56640625 0.06875 0.1453125
3 0.6515625 0.20546875 0.0421875 0.0921875