6 0.3296875 0.7515625 0.0453125 0.1515625
6 0.465625 0.5984375 0.0421875 0.10625
6 0.746875 0.55703125 0.046875 0.115625
6 0.7859375 0.528125 0.0390625 0.1015625
6 0.665625 0.48984375 0.0390625 0.11875
6 0.44609375 0.41015625 0.025 0.109375
6 0.4234375 0.50859375 0.03125 0.125
6 0.39375 0.55390625 0.0296875 0.10625
6 0.640625 0.42109375 0.0328125 0.0921875
6 0.4875 0.2875 0.0296875 0.0859375
6 0.88828125 0.3640625 0.0328125 0.0921875
6 0.80859375 0.2640625 0.028125 0.0921875
6 0.8375 0.2359375 0.0265625 0.0890625
6 0.93515625 0.51171875 0.0390625 0.1140625
6 0.97578125 0.66640625 0.04375 0.140625
3 0.38828125 0.375 0.0296875 0.09375
6 0.1859375 0.42421875 0.0328125 0.109375
6 0.11875 0.35078125 0.0328125 0.109375
6 0.034375 0.4296875 0.0390625 0.121875
6 0.28046875 0.2453125 0.03125 0.0828125
6 0.3140625 0.2125 0.021875 0.0765625
4 0.39609375 0.5921875 0.0140625 0.025