6 0.1640625 0.421875 0.065625 0.128125
6 0.33671875 0.6953125 0.06875 0.1453125
6 0.29609375 0.38203125 0.059375 0.0984375
6 0.69296875 0.6875 0.0765625 0.1453125
6 0.8015625 0.6953125 0.078125 0.1328125
6 0.73671875 0.59140625 0.0625 0.1078125
6 0.68203125 0.565625 0.0734375 0.125
6 0.60390625 0.53046875 0.06875 0.1171875
6 0.65234375 0.49375 0.0578125 0.1203125
6 0.4234375 0.48671875 0.05625 0.1
6 0.42265625 0.58671875 0.0609375 0.134375
6 0.40078125 0.57109375 0.0484375 0.109375
6 0.3375 0.33828125 0.04375 0.084375
6 0.39296875 0.3546875 0.04375 0.09375
6 0.421875 0.37890625 0.04375 0.0734375
6 0.471875 0.384375 0.05625 0.0921875
6 0.40546875 0.41796875 0.0515625 0.0921875
5 0.9796875 0.58828125 0.040625 0.0984375
3 0.18203125 0.32109375 0.0671875 0.1015625
4 0.35625 0.3953125 0.021875 0.034375