6 0.51015625 0.76171875 0.0890625 0.05
3 0.54296875 0.61875 0.1046875 0.053125
6 0.53828125 0.51171875 0.0875 0.0484375
6 0.60078125 0.6703125 0.1125 0.05625
6 0.384375 0.8828125 0.0703125 0.0390625
6 0.70234375 0.72109375 0.1390625 0.065625
6 0.26953125 0.7734375 0.0484375 0.025
6 0.72578125 0.13828125 0.1265625 0.0640625
6 0.53125 0.96484375 0.0984375 0.0484375
5 0.74375 0.89609375 0.159375 0.078125
6 0.603125 0.9203125 0.1015625 0.05
6 0.67421875 0.7953125 0.1265625 0.059375
6 0.6078125 0.24453125 0.0375 0.0234375