6 0.0703125 0.69375 0.0734375 0.140625
6 0.3703125 0.6953125 0.0734375 0.146875
6 0.3125 0.50703125 0.0671875 0.121875
6 0.4875 0.6015625 0.078125 0.1515625
6 0.33203125 0.36328125 0.06875 0.109375
6 0.49765625 0.5046875 0.0734375 0.1265625
6 0.53671875 0.49375 0.0703125 0.1140625
6 0.5671875 0.42734375 0.071875 0.11875
6 0.62265625 0.4328125 0.0609375 0.109375
6 0.72109375 0.54140625 0.071875 0.1484375
6 0.74375 0.5421875 0.06875 0.13125
6 0.7640625 0.44296875 0.0703125 0.1359375
6 0.63515625 0.4984375 0.071875 0.1171875
6 0.61484375 0.52578125 0.0640625 0.1234375
5 0.7890625 0.38203125 0.0734375 0.1328125
3 0.08046875 0.59921875 0.0703125 0.125
6 0.18828125 0.35703125 0.04375 0.075
4 0.21640625 0.37421875 0.0203125 0.03125