6 0.653125 0.7765625 0.125 0.0421875
6 0.5359375 0.58515625 0.1015625 0.0359375
6 0.55625 0.48984375 0.11875 0.0453125
6 0.47890625 0.3828125 0.1046875 0.0328125
6 0.3859375 0.85390625 0.115625 0.0421875
6 0.259375 0.81953125 0.0875 0.0390625
6 0.34765625 0.9125 0.109375 0.0375
6 0.19296875 0.753125 0.05625 0.0296875
6 0.27890625 0.5296875 0.078125 0.03125
6 0.39453125 0.55625 0.09375 0.0359375
3 0.3859375 0.646875 0.103125 0.028125
6 0.440625 0.5703125 0.0859375 0.03125
6 0.390625 0.3796875 0.0859375 0.0390625
6 0.49453125 0.2734375 0.096875 0.0359375
6 0.56796875 0.25078125 0.109375 0.040625
6 0.66484375 0.11328125 0.14375 0.04375
6 0.496875 0.10625 0.125 0.0453125
6 0.35625 0.10625 0.115625 0.0390625
6 0.26875 0.21015625 0.090625 0.0359375
6 0.24140625 0.18046875 0.09375 0.0296875
3 0.140625 0.84609375 0.0765625 0.0234375
4 0.575 0.5921875 0.021875 0.0125