6 0.6140625 0.53515625 0.0484375 0.1078125
6 0.79140625 0.52734375 0.0578125 0.1171875
6 0.4640625 0.39140625 0.040625 0.090625
6 0.7828125 0.8078125 0.1015625 0.1765625
6 0.50625 0.415625 0.040625 0.0921875
6 0.82890625 0.3859375 0.05 0.1125
6 0.04921875 0.5703125 0.0453125 0.0859375
6 0.5 0.3046875 0.034375 0.071875
6 0.403125 0.446875 0.040625 0.0953125
6 0.709375 0.6171875 0.0578125 0.1078125
6 0.6296875 0.44765625 0.0421875 0.0859375
6 0.44140625 0.475 0.040625 0.0875
6 0.43515625 0.51953125 0.04375 0.096875
3 0.33515625 0.36953125 0.034375 0.075
6 0.34453125 0.54921875 0.0453125 0.10625
6 0.4234375 0.4203125 0.034375 0.071875
6 0.215625 0.6828125 0.0546875 0.10625
6 0.6359375 0.47890625 0.0421875 0.090625
6 0.43984375 0.21953125 0.03125 0.06875
6 0.5421875 0.31484375 0.034375 0.078125