3 0.96640625 0.5671875 0.059375 0.1296875
6 0.66953125 0.603125 0.0671875 0.128125
6 0.59921875 0.6984375 0.0609375 0.1390625
6 0.63984375 0.50234375 0.046875 0.103125
6 0.471875 0.634375 0.0609375 0.121875
6 0.79453125 0.54140625 0.0421875 0.096875
6 0.81640625 0.5484375 0.046875 0.109375
6 0.84375 0.60859375 0.0390625 0.1140625
6 0.27265625 0.48515625 0.04375 0.1125
6 0.13984375 0.5984375 0.05625 0.1328125
6 0.28046875 0.38984375 0.046875 0.1015625
6 0.09609375 0.50078125 0.05 0.1125
6 0.05234375 0.35625 0.046875 0.1125
6 0.00390625 0.36171875 0.0078125 0.0828125
5 0.30859375 0.3140625 0.0390625 0.0875
4 0.825 0.65625 0.015625 0.028125