6 0.034375 0.57578125 0.0390625 0.1390625
6 0.32421875 0.65546875 0.0390625 0.1453125
6 0.3171875 0.4578125 0.0375 0.1203125
6 0.46171875 0.5953125 0.0421875 0.15
6 0.3734375 0.32421875 0.0453125 0.103125
6 0.49609375 0.50390625 0.04375 0.121875
6 0.53671875 0.50390625 0.0453125 0.109375
6 0.584375 0.446875 0.0453125 0.1140625
6 0.6359375 0.4671875 0.0359375 0.10625
6 0.703125 0.59765625 0.0359375 0.1484375
6 0.72421875 0.60390625 0.0375 0.1296875
6 0.76953125 0.51328125 0.0375 0.134375
6 0.63046875 0.5328125 0.046875 0.1109375
6 0.6046875 0.5546875 0.0359375 0.121875
5 0.809375 0.4609375 0.0421875 0.1296875
3 0.06875 0.4875 0.040625 0.121875
6 0.2359375 0.28125 0.025 0.0734375
4 0.25859375 0.30546875 0.0125 0.0296875