6 0.4140625 0.665625 0.10625 0.046875
6 0.4609375 0.35234375 0.0984375 0.040625
6 0.56953125 0.0578125 0.078125 0.0328125
6 0.54140625 0.3765625 0.0890625 0.0390625
6 0.3609375 0.5984375 0.096875 0.046875
3 0.4265625 0.096875 0.1171875 0.0453125
6 0.08203125 0.28046875 0.1640625 0.0765625
6 0.4 0.37421875 0.0921875 0.046875
6 0.490625 0.490625 0.0875 0.0375
6 0.4265625 0.44453125 0.0984375 0.040625
6 0.26875 0.3140625 0.1453125 0.0546875
6 0.59375 0.28125 0.0640625 0.0328125
6 0.38046875 0.7640625 0.1265625 0.046875
5 0.62890625 0.7453125 0.0984375 0.04375
6 0.446875 0.75625 0.096875 0.0421875
6 0.49765625 0.57265625 0.09375 0.0375
6 0.4890625 0.55859375 0.0890625 0.0375
4 0.53203125 0.51328125 0.025 0.0171875