6 0.78046875 0.50546875 0.0703125 0.1171875
6 0.53359375 0.38515625 0.0625 0.109375
6 0.68359375 0.396875 0.0625 0.1046875
6 0.26640625 0.34375 0.0703125 0.1109375
3 0.0671875 0.2703125 0.071875 0.1328125
6 0.24375 0.525 0.071875 0.125
6 0.48125 0.4734375 0.065625 0.115625
6 0.16328125 0.35703125 0.0734375 0.1328125
6 0.26953125 0.5734375 0.071875 0.125
6 0.64765625 0.51796875 0.0609375 0.1078125
6 0.7453125 0.68515625 0.078125 0.1375
6 0.6375 0.4484375 0.053125 0.0953125
6 0.3359375 0.35625 0.0640625 0.1203125
6 0.37109375 0.41171875 0.059375 0.1109375
6 0.35 0.39453125 0.0609375 0.11875