6 0.246875 0.56796875 0.0359375 0.1140625
3 0.19296875 0.49921875 0.0359375 0.1234375
5 0.81953125 0.4734375 0.04375 0.121875
6 0.0625 0.46953125 0.0375 0.1125
6 0.4359375 0.63671875 0.0421875 0.1390625
6 0.425 0.471875 0.0328125 0.1125
6 0.63828125 0.56796875 0.0421875 0.1171875
6 0.53671875 0.58515625 0.040625 0.1375
6 0.33828125 0.33046875 0.03125 0.10625
6 0.0953125 0.296875 0.025 0.0796875
6 0.68515625 0.5796875 0.034375 0.0984375
4 0.18671875 0.32265625 0.015625 0.0203125
6 0.646875 0.459375 0.0296875 0.103125
6 0.71953125 0.553125 0.034375 0.115625
6 0.68046875 0.46875 0.0265625 0.103125