6 0.6484375 0.51796875 0.05 0.1109375
6 0.46953125 0.4203125 0.040625 0.0828125
6 0.39453125 0.39921875 0.0421875 0.090625
3 0.415625 0.3625 0.0359375 0.0875
6 0.9734375 0.5453125 0.053125 0.13125
6 0.61875 0.25390625 0.0296875 0.06875
6 0.42421875 0.56171875 0.05 0.1109375
6 0.671875 0.42578125 0.04375 0.1046875
6 0.0625 0.44375 0.0421875 0.096875
6 0.70390625 0.41328125 0.040625 0.096875
6 0.04453125 0.57734375 0.046875 0.1140625
6 0.3125 0.4171875 0.0421875 0.09375
6 0.28046875 0.3734375 0.0359375 0.0828125
6 0.25703125 0.5109375 0.0390625 0.096875
6 0.0296875 0.6234375 0.0484375 0.1125
6 0.3765625 0.4921875 0.0421875 0.09375
6 0.93984375 0.7234375 0.06875 0.14375
6 0.3859375 0.265625 0.03125 0.0703125
6 0.6921875 0.35078125 0.0390625 0.0828125
6 0.61875 0.2203125 0.0296875 0.0625
4 0.403125 0.51171875 0.015625 0.03125