6 0.15859375 0.54296875 0.03125 0.1109375
6 0.3875 0.60234375 0.034375 0.1015625
6 0.31171875 0.44296875 0.028125 0.0921875
6 0.72421875 0.6140625 0.0421875 0.1171875
6 0.1828125 0.378125 0.0234375 0.0859375
6 0.50625 0.7328125 0.0421875 0.1328125
6 0.328125 0.54765625 0.0328125 0.1015625
5 0.653125 0.40859375 0.04375 0.0890625
3 0.01328125 0.50078125 0.025 0.10625
6 0.65 0.64609375 0.0375 0.11875
6 0.103125 0.80703125 0.04375 0.1625
6 0.54375 0.58984375 0.0328125 0.0890625
6 0.51328125 0.51640625 0.03125 0.0859375
6 0.5203125 0.5828125 0.0359375 0.1015625
4 0.51484375 0.64375 0.01875 0.0390625