6 0.88828125 0.75 0.0421875 0.18125
6 0.2703125 0.70703125 0.0484375 0.146875
6 0.5546875 0.56015625 0.0390625 0.14375
6 0.34296875 0.52421875 0.0484375 0.140625
6 0.459375 0.52890625 0.0375 0.1328125
6 0.396875 0.48515625 0.0515625 0.109375
6 0.553125 0.446875 0.0421875 0.1015625
6 0.6671875 0.48984375 0.040625 0.11875
6 0.834375 0.52421875 0.0375 0.128125
6 0.83828125 0.4515625 0.0421875 0.1203125
6 0.68671875 0.4328125 0.04375 0.10625
6 0.7984375 0.4421875 0.0359375 0.1296875
6 0.63671875 0.38984375 0.0203125 0.1015625
6 0.61796875 0.36484375 0.025 0.10625
6 0.5765625 0.38515625 0.0359375 0.0984375
6 0.546875 0.403125 0.0265625 0.09375
3 0.784375 0.58515625 0.0546875 0.1375
6 0.39375 0.43125 0.0296875 0.0953125
3 0.8828125 0.22421875 0.0234375 0.0671875
5 0.14765625 0.40234375 0.0421875 0.084375