6 0.38984375 0.590625 0.0734375 0.0328125
6 0.5375 0.56328125 0.1078125 0.0375
6 0.44453125 0.60859375 0.0796875 0.034375
6 0.50859375 0.6375 0.1109375 0.0328125
6 0.5828125 0.30625 0.1078125 0.0359375
3 0.51171875 0.9171875 0.109375 0.034375
6 0.59609375 0.39140625 0.09375 0.0296875
6 0.4921875 0.4296875 0.084375 0.0328125
6 0.6875 0.7109375 0.1359375 0.0390625
6 0.61953125 0.2859375 0.115625 0.0328125
6 0.909375 0.7734375 0.16875 0.059375
6 0.38828125 0.92734375 0.0828125 0.025
6 0.58984375 0.75 0.115625 0.0328125
5 0.409375 0.2375 0.0875 0.03125
6 0.54140625 0.3921875 0.0859375 0.0265625
6 0.49921875 0.484375 0.103125 0.0359375
6 0.6015625 0.36328125 0.1109375 0.03125
6 0.50234375 0.4734375 0.0890625 0.028125
4 0.40390625 0.3671875 0.0234375 0.0125