6 0.52890625 0.3296875 0.0984375 0.0375
6 0.7390625 0.2625 0.103125 0.0578125
6 0.53671875 0.9765625 0.10625 0.040625
3 0.45 0.921875 0.0875 0.0359375
6 0.43828125 0.4546875 0.09375 0.0390625
6 0.478125 0.7140625 0.1 0.0390625
6 0.30625 0.81015625 0.0734375 0.028125
6 0.62734375 0.878125 0.096875 0.046875
6 0.35234375 0.56640625 0.0859375 0.0328125
6 0.29453125 0.62890625 0.0765625 0.0328125
6 0.53125 0.921875 0.103125 0.0390625
6 0.4828125 0.59609375 0.0890625 0.034375
6 0.53828125 0.51015625 0.0859375 0.0375
6 0.41328125 0.96484375 0.0796875 0.0296875
6 0.49375 0.53671875 0.084375 0.034375
6 0.584375 0.6484375 0.0859375 0.0421875
4 0.6390625 0.69921875 0.034375 0.0171875
6 0.496875 0.6234375 0.0921875 0.0359375
6 0.5421875 0.63203125 0.0859375 0.0328125