6 0.53515625 0.04453125 0.1140625 0.034375
6 0.43203125 0.234375 0.125 0.0359375
6 0.359375 0.43359375 0.1359375 0.040625
6 0.46796875 0.56953125 0.1171875 0.0390625
6 0.4140625 0.5265625 0.1359375 0.0390625
6 0.53125 0.41640625 0.1140625 0.0375
5 0.52890625 0.81328125 0.1265625 0.0375
3 0.5078125 0.19140625 0.1296875 0.0328125
6 0.44140625 0.61796875 0.09375 0.0328125
6 0.66953125 0.32890625 0.1 0.0296875
6 0.70703125 0.1140625 0.078125 0.028125
6 0.5421875 0.6359375 0.0984375 0.03125
6 0.4546875 0.7453125 0.109375 0.0421875
6 0.4796875 0.70703125 0.115625 0.0328125
6 0.52421875 0.6734375 0.1 0.028125
6 0.4484375 0.65 0.0984375 0.0328125
4 0.67578125 0.18046875 0.0171875 0.0140625