6 0.53359375 0.6171875 0.0421875 0.1421875
6 0.2125 0.6203125 0.046875 0.14375
6 0.734375 0.59140625 0.0421875 0.1296875
6 0.671875 0.6203125 0.0375 0.1125
6 0.5984375 0.53359375 0.01875 0.1171875
6 0.4546875 0.51015625 0.03125 0.1125
6 0.4734375 0.4578125 0.0375 0.1078125
6 0.32890625 0.4890625 0.0359375 0.1046875
6 0.23125 0.50703125 0.04375 0.1171875
6 0.22578125 0.40546875 0.0296875 0.0953125
6 0.278125 0.40234375 0.0234375 0.0765625
6 0.3 0.434375 0.028125 0.109375
6 0.3421875 0.43203125 0.025 0.0765625
6 0.24453125 0.4125 0.0296875 0.0921875
6 0.2765625 0.459375 0.03125 0.0734375
5 0.6921875 0.46640625 0.03125 0.090625
4 0.23515625 0.42890625 0.0125 0.025