6 0.090625 0.34296875 0.0375 0.103125
6 0.634375 0.36328125 0.0359375 0.1015625
6 0.3640625 0.35078125 0.03125 0.09375
6 0.6671875 0.38828125 0.0390625 0.10625
3 0.5578125 0.39140625 0.0390625 0.1015625
6 0.45546875 0.5484375 0.0421875 0.1234375
6 0.134375 0.46015625 0.04375 0.1265625
6 0.0703125 0.48515625 0.0421875 0.1125
6 0.0546875 0.58515625 0.04375 0.1375
6 0.4109375 0.23828125 0.028125 0.0875
6 0.32265625 0.28671875 0.0296875 0.09375
6 0.8109375 0.49296875 0.0390625 0.1109375
6 0.49765625 0.5296875 0.0359375 0.1265625
6 0.9875 0.43046875 0.025 0.090625
4 0.7875 0.4234375 0.0125 0.034375