6 0.53203125 0.6296875 0.0875 0.028125
6 0.4640625 0.4265625 0.109375 0.0359375
3 0.51015625 0.125 0.1078125 0.03125
6 0.06328125 0.1828125 0.1265625 0.0625
6 0.44296875 0.64453125 0.1 0.028125
6 0.6109375 0.06484375 0.078125 0.028125
6 0.4953125 0.35078125 0.1046875 0.0375
5 0.5453125 0.73671875 0.0875 0.0359375
6 0.56171875 0.46328125 0.0796875 0.03125
6 0.51015625 0.5390625 0.1078125 0.03125
6 0.415625 0.56875 0.10625 0.0328125
6 0.6140625 0.4671875 0.0859375 0.0390625
6 0.37421875 0.18359375 0.1171875 0.0390625
6 0.465625 0.5828125 0.0921875 0.03125
6 0.3234375 0.278125 0.1375 0.0390625
6 0.41953125 0.68515625 0.09375 0.028125
6 0.4046875 0.7015625 0.0953125 0.028125
4 0.5140625 0.72265625 0.01875 0.0125