6 0.32734375 0.3421875 0.0515625 0.13125
6 0.17421875 0.45859375 0.0546875 0.134375
6 0.37265625 0.66796875 0.0609375 0.165625
6 0.196875 0.696875 0.0609375 0.1671875
5 0.78828125 0.559375 0.0640625 0.159375
6 0.6125 0.553125 0.0546875 0.1390625
6 0.46484375 0.609375 0.053125 0.14375
6 0.72265625 0.68359375 0.05 0.14375
6 0.6625 0.559375 0.046875 0.13125
6 0.49296875 0.63359375 0.0453125 0.13125
6 0.7390625 0.68828125 0.0546875 0.1375
6 0.70546875 0.6125 0.0421875 0.1203125
6 0.53671875 0.65859375 0.0484375 0.15