6 0.86875 0.621875 0.0453125 0.1203125
6 0.69375 0.64765625 0.0453125 0.109375
6 0.5359375 0.6796875 0.04375 0.1125
6 0.60625 0.7421875 0.053125 0.11875
6 0.64140625 0.5625 0.046875 0.103125
6 0.77890625 0.571875 0.0359375 0.0953125
6 0.753125 0.65546875 0.040625 0.1140625
6 0.27734375 0.4796875 0.0359375 0.096875
6 0.1703125 0.55546875 0.0421875 0.1
6 0.290625 0.3671875 0.0375 0.11875
5 0.33125 0.28828125 0.0265625 0.109375
6 0.11796875 0.4703125 0.04375 0.0984375
6 0.02421875 0.3046875 0.0265625 0.08125
6 0.08046875 0.31015625 0.0359375 0.1
4 0.61171875 0.78125 0.0125 0.028125
3 0.946875 0.634375 0.05 0.1125