3 0.9171875 0.36328125 0.0515625 0.18125
6 0.6328125 0.315625 0.0671875 0.1546875
6 0.3328125 0.14296875 0.0515625 0.1296875
6 0.74140625 0.43671875 0.0578125 0.178125
5 0.57890625 0.92734375 0.0765625 0.1453125
6 0.765625 0.69765625 0.071875 0.2453125
6 0.9703125 0.6578125 0.0578125 0.215625
6 0.21484375 0.43984375 0.0546875 0.1796875
6 0.19765625 0.59375 0.0546875 0.196875
6 0.153125 0.65859375 0.0515625 0.1875
6 0.415625 0.665625 0.0609375 0.2203125
6 0.6703125 0.59140625 0.0734375 0.2484375
6 0.61484375 0.63671875 0.065625 0.2265625