6 0.51015625 0.6140625 0.1140625 0.0609375
6 0.55859375 0.9078125 0.115625 0.0640625
6 0.596875 0.49296875 0.109375 0.0578125
3 0.3875 0.88125 0.1046875 0.05625
6 0.5046875 0.31953125 0.10625 0.059375
6 0.5953125 0.7890625 0.140625 0.0734375
6 0.41875 0.5015625 0.0921875 0.0484375
6 0.565625 0.38671875 0.1109375 0.0546875
6 0.61875 0.36796875 0.1125 0.05625
6 0.28046875 0.91796875 0.096875 0.05625
5 0.50859375 0.26484375 0.10625 0.059375
6 0.6234375 0.34609375 0.1078125 0.0546875
6 0.4515625 0.7140625 0.084375 0.0515625
6 0.55 0.465625 0.0875 0.0453125
6 0.384375 0.5171875 0.1046875 0.0546875
6 0.846875 0.97265625 0.090625 0.0546875
6 0.4875 0.45 0.0765625 0.0453125
4 0.515625 0.27421875 0.03125 0.0203125