6 0.8515625 0.66796875 0.2359375 0.0625
6 0.78046875 0.39296875 0.2453125 0.0546875
6 0.646875 0.47890625 0.2203125 0.0609375
6 0.6109375 0.896875 0.2046875 0.0515625
5 0.43046875 0.815625 0.19375 0.0640625
6 0.48125 0.6140625 0.2046875 0.0921875
6 0.48828125 0.521875 0.190625 0.0453125
6 0.53203125 0.27890625 0.1953125 0.0625
6 0.45625 0.365625 0.190625 0.0359375
6 0.409375 0.303125 0.2 0.0359375
6 0.45625 0.45546875 0.1609375 0.04375
6 0.30546875 0.396875 0.13125 0.0359375
5 0.32890625 0.24140625 0.1625 0.040625
6 0.3953125 0.33984375 0.15625 0.0359375
6 0.3703125 0.465625 0.1515625 0.05
4 0.3125 0.41796875 0.034375 0.0171875