6 0.4265625 0.43984375 0.1296875 0.05
5 0.48984375 0.7796875 0.13125 0.0546875
6 0.628125 0.06328125 0.1140625 0.0375
6 0.27109375 0.26171875 0.13125 0.0515625
6 0.5171875 0.08515625 0.125 0.04375
6 0.43125 0.28671875 0.1484375 0.05
6 0.5296875 0.4265625 0.1078125 0.0328125
6 0.47890625 0.48515625 0.1140625 0.0375
6 0.44609375 0.64609375 0.1296875 0.04375
6 0.36171875 0.77578125 0.1359375 0.046875
6 0.540625 0.39140625 0.10625 0.0375
6 0.3 0.3734375 0.1578125 0.0625
6 0.69609375 0.01171875 0.0921875 0.0203125
4 0.25 0.4328125 0.05 0.0203125
6 0.38125 0.53203125 0.14375 0.04375