6 0.0796875 0.61328125 0.1375 0.0828125
6 0.196875 0.53359375 0.15625 0.0859375
6 0.30234375 0.315625 0.134375 0.0734375
6 0.32265625 0.8890625 0.1515625 0.0875
6 0.39140625 0.9 0.1375 0.075
6 0.46953125 0.85390625 0.140625 0.078125
6 0.44140625 0.4796875 0.1203125 0.0609375
6 0.45546875 0.45546875 0.1203125 0.0625
6 0.4828125 0.25390625 0.1078125 0.059375
6 0.50078125 0.4828125 0.1203125 0.0625
6 0.553125 0.47734375 0.0875 0.05
4 0.5484375 0.5046875 0.0234375 0.01875
6 0.28671875 0.06015625 0.1328125 0.0703125
3 0.35390625 0.33515625 0.140625 0.075