6 0.40859375 0.5734375 0.05 0.10625
6 0.35078125 0.38984375 0.04375 0.0828125
6 0.51484375 0.51953125 0.04375 0.090625
6 0.2578125 0.315625 0.0390625 0.0765625
6 0.62734375 0.57734375 0.04375 0.0875
3 0.05703125 0.403125 0.0484375 0.1015625
6 0.21328125 0.478125 0.046875 0.0984375
6 0.31015625 0.54765625 0.04375 0.09375
6 0.521875 0.78046875 0.0578125 0.11875
6 0.2703125 0.5078125 0.0453125 0.096875
6 0.68515625 0.6375 0.0515625 0.1109375
6 0.621875 0.72421875 0.053125 0.115625
6 0.20703125 0.684375 0.05625 0.1296875
6 0.4578125 0.54921875 0.053125 0.1046875
5 0.73515625 0.43359375 0.04375 0.08125
4 0.4671875 0.59375 0.0125 0.0171875