3 0.3515625 0.97578125 0.1375 0.0375
6 0.371875 0.84609375 0.1171875 0.0421875
6 0.4125 0.8046875 0.1265625 0.0453125
6 0.29140625 0.73671875 0.121875 0.0515625
6 0.26796875 0.6796875 0.1453125 0.04375
6 0.39140625 0.66640625 0.10625 0.034375
6 0.4296875 0.62890625 0.1015625 0.0375
6 0.346875 0.71796875 0.109375 0.04375
4 0.2625 0.74453125 0.034375 0.01875
6 0.50625 0.32578125 0.115625 0.0359375
6 0.4234375 0.221875 0.14375 0.04375
6 0.53984375 0.16953125 0.121875 0.0328125
6 0.6265625 0.328125 0.096875 0.025
5 0.7265625 0.3671875 0.084375 0.028125
6 0.6984375 0.109375 0.09375 0.028125
6 0.70078125 0.05859375 0.1109375 0.0234375
3 0.52734375 0.0140625 0.1140625 0.028125