6 0.43125 0.20625 0.1296875 0.0375
6 0.4828125 0.01796875 0.1296875 0.0359375
6 0.55390625 0.17734375 0.0890625 0.040625
6 0.5390625 0.2546875 0.1125 0.04375
6 0.478125 0.334375 0.1359375 0.0375
6 0.43046875 0.47421875 0.121875 0.0359375
6 0.38671875 0.63359375 0.121875 0.0359375
6 0.43515625 0.74921875 0.125 0.04375
6 0.54765625 0.5109375 0.1046875 0.04375
6 0.5609375 0.428125 0.09375 0.028125
6 0.56875 0.390625 0.09375 0.0390625
6 0.6234375 0.28046875 0.084375 0.0359375
6 0.51484375 0.375 0.084375 0.0390625
3 0.58203125 0.0125 0.0953125 0.025
6 0.48046875 0.63671875 0.109375 0.0390625
6 0.48515625 0.65625 0.096875 0.034375
5 0.53984375 0.75625 0.1078125 0.0328125
4 0.51484375 0.2421875 0.0203125 0.0109375