6 0.44921875 0.309375 0.1734375 0.1046875
6 0.46484375 0.165625 0.1796875 0.1078125
6 0.3265625 0.725 0.1828125 0.1203125
6 0.6484375 0.23125 0.1453125 0.084375
6 0.61953125 0.30859375 0.16875 0.1
6 0.47734375 0.475 0.159375 0.09375
6 0.5796875 0.41796875 0.15 0.0828125
6 0.6296875 0.353125 0.146875 0.08125
6 0.6421875 0.18203125 0.1578125 0.0953125
5 0.47578125 0.7921875 0.14375 0.0859375
6 0.51328125 0.5109375 0.1265625 0.0734375
6 0.84609375 0.10546875 0.1125 0.059375
6 0.57890625 0.46484375 0.153125 0.090625