6 0.4875 0.04296875 0.1171875 0.046875
6 0.4046875 0.24296875 0.128125 0.05
6 0.353125 0.4484375 0.140625 0.0546875
6 0.47578125 0.57265625 0.1203125 0.0515625
6 0.4171875 0.53515625 0.1390625 0.053125
6 0.52265625 0.41328125 0.1171875 0.0484375
5 0.56171875 0.80859375 0.1296875 0.05
3 0.47578125 0.1921875 0.13125 0.046875
6 0.45390625 0.6234375 0.096875 0.0421875
6 0.65078125 0.3125 0.103125 0.040625
6 0.665625 0.09453125 0.08125 0.0359375
6 0.55625 0.63046875 0.1 0.040625
6 0.48046875 0.7484375 0.1125 0.053125
6 0.5015625 0.7078125 0.11875 0.0453125
6 0.5421875 0.6703125 0.103125 0.0390625
6 0.4640625 0.6546875 0.1 0.0421875
4 0.64140625 0.1640625 0.01875 0.015625