6 0.44140625 0.5328125 0.0390625 0.084375
6 0.0359375 0.5296875 0.0375 0.0890625
6 0.12109375 0.42578125 0.0265625 0.0609375
6 0.33125 0.6 0.0484375 0.1015625
6 0.7796875 0.6765625 0.046875 0.1015625
3 0.3515625 0.5390625 0.040625 0.071875
6 0.203125 0.52265625 0.0359375 0.0875
3 0.93828125 0.64140625 0.0328125 0.0765625
6 0.209375 0.32109375 0.0171875 0.040625
4 0.94375 0.6921875 0.015625 0.021875
6 0.06640625 0.55625 0.034375 0.0796875
6 0.20234375 0.66796875 0.0390625 0.096875
6 0.13125 0.65703125 0.04375 0.1078125
5 0.1421875 0.73203125 0.053125 0.128125
6 0.103125 0.64140625 0.0390625 0.1
6 0.071875 0.64453125 0.0515625 0.1140625
6 0.03125 0.6265625 0.040625 0.1125