6 0.40078125 0.55703125 0.0515625 0.1140625
6 0.1546875 0.72578125 0.05625 0.1140625
6 0.54765625 0.584375 0.0484375 0.1078125
3 0.10625 0.559375 0.0484375 0.1046875
6 0.665625 0.428125 0.0515625 0.1046875
6 0.278125 0.70859375 0.0640625 0.1390625
6 0.4640625 0.42734375 0.0421875 0.0921875
6 0.63046875 0.51171875 0.046875 0.1109375
6 0.6703125 0.5515625 0.0484375 0.1109375
6 0.028125 0.47734375 0.0484375 0.0953125
5 0.7171875 0.40859375 0.0515625 0.1046875
6 0.69140625 0.546875 0.0453125 0.1078125
6 0.28515625 0.546875 0.0453125 0.084375
6 0.55234375 0.53046875 0.0390625 0.0859375
6 0.43515625 0.403125 0.046875 0.103125
6 0.2015625 0.98984375 0.0875 0.0203125
6 0.540625 0.4671875 0.0390625 0.075
4 0.7109375 0.41953125 0.0171875 0.0296875