6 0.70859375 0.3421875 0.0421875 0.090625
6 0.46484375 0.39453125 0.0421875 0.0859375
3 0.43046875 0.34296875 0.0390625 0.0859375
6 0.2421875 0.39140625 0.0390625 0.0875
6 0.9671875 0.559375 0.065625 0.1375
6 0.3390625 0.40078125 0.04375 0.0984375
6 0.63515625 0.54453125 0.0578125 0.121875
6 0.6453125 0.1875 0.03125 0.06875
6 0.059375 0.440625 0.04375 0.0984375
6 0.64140625 0.2328125 0.034375 0.078125
6 0.3890625 0.3796875 0.0453125 0.0921875
6 0.04921875 0.56796875 0.0515625 0.1140625
6 0.26953125 0.496875 0.040625 0.096875
6 0.36328125 0.51796875 0.0390625 0.0875
6 0.38046875 0.60546875 0.0515625 0.125
6 0.39296875 0.26640625 0.03125 0.0625
6 0.80078125 0.75234375 0.0765625 0.1546875
6 0.6765625 0.41328125 0.0453125 0.1015625
6 0.69921875 0.4171875 0.0375 0.09375
6 0.021875 0.62109375 0.0359375 0.115625
4 0.3796875 0.5328125 0.0109375 0.021875