6 0.48515625 0.35390625 0.034375 0.1015625
6 0.38046875 0.4859375 0.0390625 0.1109375
6 0.27734375 0.46171875 0.0421875 0.1125
6 0.43515625 0.3984375 0.0453125 0.1046875
6 0.53046875 0.41171875 0.034375 0.1015625
6 0.1703125 0.42265625 0.040625 0.1171875
6 0.15390625 0.61875 0.040625 0.1421875
6 0.5796875 0.46484375 0.0390625 0.1234375
6 0.7171875 0.609375 0.04375 0.14375
6 0.20078125 0.6953125 0.046875 0.1421875
6 0.590625 0.40625 0.034375 0.0984375
6 0.35859375 0.45625 0.0296875 0.0953125
4 0.321875 0.3765625 0.015625 0.028125