6 0.6765625 0.7625 0.128125 0.05
6 0.54296875 0.58125 0.103125 0.040625
6 0.55546875 0.48515625 0.121875 0.0515625
6 0.46875 0.38515625 0.10625 0.0390625
6 0.4171875 0.8625 0.11875 0.0484375
6 0.28828125 0.8390625 0.090625 0.04375
6 0.38359375 0.92421875 0.1109375 0.04375
6 0.21640625 0.77890625 0.0578125 0.03125
6 0.2828125 0.54921875 0.0796875 0.034375
6 0.39921875 0.56484375 0.0953125 0.040625
3 0.39921875 0.65703125 0.1046875 0.034375
6 0.44765625 0.575 0.0875 0.0359375
6 0.38046875 0.3890625 0.0890625 0.04375
6 0.475 0.275 0.0984375 0.040625
6 0.5453125 0.24609375 0.1125 0.0453125
6 0.63046875 0.1 0.146875 0.05
6 0.4625 0.1078125 0.128125 0.0515625
6 0.32265625 0.1203125 0.1171875 0.0453125
6 0.24453125 0.23125 0.0921875 0.0390625
6 0.21484375 0.2046875 0.0953125 0.034375
3 0.17265625 0.87578125 0.0765625 0.0265625
4 0.5828125 0.58515625 0.0234375 0.0140625