6 0.5546875 0.39375 0.1046875 0.03125
6 0.57734375 0.21796875 0.1125 0.0390625
6 0.38671875 0.51640625 0.0875 0.0265625
6 0.85234375 0.275 0.165625 0.0734375
6 0.41796875 0.47890625 0.0890625 0.025
6 0.44453125 0.15625 0.1078125 0.0328125
6 0.490625 0.95625 0.08125 0.0328125
6 0.3078125 0.46640625 0.06875 0.0234375
6 0.43125 0.5859375 0.0921875 0.025
6 0.6515625 0.3140625 0.1015625 0.0421875
6 0.47109375 0.36328125 0.0828125 0.028125
6 0.465625 0.553125 0.084375 0.0265625
6 0.5078125 0.5671875 0.09375 0.028125
3 0.34296875 0.63984375 0.071875 0.021875
6 0.52109375 0.66171875 0.103125 0.028125
6 0.40859375 0.56171875 0.06875 0.0234375
6 0.63046875 0.81171875 0.1015625 0.0375
6 0.503125 0.3625 0.0875 0.028125
6 0.21328125 0.51015625 0.065625 0.0203125
6 0.325 0.4265625 0.075 0.021875