6 0.209375 0.503125 0.0828125 0.1421875
6 0.09609375 0.35625 0.0828125 0.1421875
6 0.2765625 0.340625 0.071875 0.1046875
6 0.31953125 0.4359375 0.08125 0.1296875
6 0.559375 0.6203125 0.0859375 0.1390625
6 0.65625 0.68515625 0.0875 0.146875
6 0.70703125 0.65703125 0.0703125 0.1296875
6 0.64296875 0.59921875 0.0734375 0.1265625
6 0.6171875 0.57578125 0.075 0.134375
6 0.4859375 0.4953125 0.071875 0.11875
6 0.5234375 0.44609375 0.0703125 0.1015625
6 0.425 0.43203125 0.065625 0.109375
6 0.4078125 0.3625 0.05625 0.090625
6 0.30859375 0.36796875 0.059375 0.1
6 0.365625 0.39765625 0.0515625 0.0953125
6 0.34140625 0.36875 0.05 0.084375
4 0.2640625 0.36640625 0.0125 0.0171875
5 0.75546875 0.55234375 0.0609375 0.103125