6 0.459375 0.446875 0.0796875 0.028125
6 0.40625 0.04453125 0.0859375 0.025
6 0.52109375 0.1140625 0.059375 0.01875
6 0.37734375 0.346875 0.0984375 0.034375
6 0.3640625 0.8015625 0.0984375 0.0328125
3 0.440625 0.35859375 0.06875 0.03125
6 0.4359375 0.209375 0.084375 0.025
3 0.42109375 0.95390625 0.075 0.021875
6 0.63671875 0.1875 0.0390625 0.0109375
4 0.37109375 0.96640625 0.0203125 0.0125
6 0.38359375 0.078125 0.0765625 0.0234375
6 0.2921875 0.22890625 0.09375 0.0265625
6 0.29296875 0.15703125 0.1046875 0.0296875
5 0.2203125 0.178125 0.125 0.0359375
6 0.3046875 0.1265625 0.0984375 0.025
6 0.29765625 0.09609375 0.109375 0.0359375
6 0.309375 0.053125 0.109375 0.025