6 0.5296875 0.0703125 0.1125 0.046875
6 0.60625 0.490625 0.0921875 0.034375
6 0.58515625 0.2390625 0.0921875 0.0375
6 0.35234375 0.6484375 0.1421875 0.05
6 0.43046875 0.5453125 0.1109375 0.0421875
6 0.46875 0.4234375 0.121875 0.04375
6 0.38203125 0.8109375 0.1328125 0.0484375
6 0.346875 0.11171875 0.14375 0.0546875
5 0.5296875 0.96875 0.1109375 0.04375
6 0.5625 0.30703125 0.09375 0.0359375
3 0.6375 0.06953125 0.1015625 0.034375
6 0.49453125 0.64453125 0.115625 0.0390625
6 0.5609375 0.55234375 0.103125 0.0390625
6 0.5171875 0.496875 0.1046875 0.0375
6 0.621875 0.40390625 0.103125 0.0328125
6 0.61875 0.284375 0.1 0.03125
6 0.521875 0.509375 0.109375 0.0375
4 0.58046875 0.3296875 0.021875 0.0109375