6 0.359375 0.50625 0.05 0.1203125
6 0.4125 0.6734375 0.0546875 0.14375
6 0.48203125 0.6109375 0.0546875 0.1359375
6 0.24296875 0.35 0.04375 0.115625
6 0.48203125 0.4890625 0.05 0.109375
3 0.1296875 0.54765625 0.0515625 0.1359375
6 0.18046875 0.60703125 0.0515625 0.121875
5 0.753125 0.46328125 0.0484375 0.1234375
6 0.0984375 0.35078125 0.0328125 0.0828125
6 0.55390625 0.51328125 0.0421875 0.1125
6 0.62265625 0.56171875 0.046875 0.109375
6 0.58359375 0.5453125 0.04375 0.1203125
6 0.671875 0.5203125 0.046875 0.1265625
6 0.578125 0.47109375 0.0390625 0.109375
4 0.27734375 0.28125 0.021875 0.0390625