6 0.83671875 0.31796875 0.0359375 0.0921875
6 0.821875 0.4953125 0.0421875 0.1
6 0.9015625 0.44296875 0.0359375 0.0890625
6 0.70078125 0.4484375 0.0375 0.0953125
3 0.403125 0.403125 0.0375 0.1046875
6 0.58515625 0.49375 0.040625 0.10625
6 0.6703125 0.475 0.0390625 0.0921875
6 0.3546875 0.525 0.0421875 0.109375
6 0.93046875 0.67421875 0.0484375 0.125
6 0.43671875 0.53984375 0.04375 0.115625
6 0.771875 0.2359375 0.025 0.065625
6 0.57265625 0.40546875 0.0359375 0.1
6 0.23671875 0.3578125 0.0328125 0.090625
6 0.48359375 0.39453125 0.0359375 0.1
6 0.2953125 0.253125 0.0296875 0.0765625
6 0.225 0.31171875 0.03125 0.0875
4 0.6875 0.48203125 0.0109375 0.01875