6 0.7171875 0.50859375 0.059375 0.1078125
6 0.78359375 0.53671875 0.0640625 0.1015625
6 0.26875 0.2703125 0.053125 0.096875
3 0.5046875 0.3140625 0.053125 0.084375
6 0.53515625 0.384375 0.05625 0.1
6 0.3859375 0.49453125 0.059375 0.096875
6 0.31484375 0.40859375 0.05625 0.1046875
6 0.25078125 0.54375 0.0703125 0.1296875
6 0.84375 0.34296875 0.05 0.075
6 0.48984375 0.221875 0.046875 0.08125
6 0.42421875 0.5046875 0.0578125 0.0984375
6 0.9203125 0.77890625 0.065625 0.121875
6 0.85 0.47578125 0.059375 0.096875
6 0.47578125 0.81953125 0.096875 0.1671875
6 0.56171875 0.56875 0.0640625 0.1109375
6 0.0953125 0.228125 0.0625 0.109375
6 0.82734375 0.284375 0.040625 0.0625
6 0.42734375 0.340625 0.0546875 0.0984375
6 0.03515625 0.3375 0.0484375 0.1125