6 0.2625 0.51640625 0.0546875 0.109375
3 0.228125 0.459375 0.04375 0.09375
6 0.5609375 0.32734375 0.04375 0.0875
6 0.6859375 0.39921875 0.0515625 0.0984375
6 0.615625 0.55703125 0.046875 0.0953125
6 0.20625 0.5640625 0.0515625 0.1125
6 0.17890625 0.42578125 0.0421875 0.0875
6 0.49453125 0.2703125 0.0375 0.075
6 0.315625 0.30390625 0.0375 0.0734375
6 0.6140625 0.478125 0.0453125 0.071875
6 0.496875 0.54453125 0.0484375 0.090625
6 0.42578125 0.45078125 0.05 0.103125
6 0.54140625 0.446875 0.040625 0.09375
6 0.45859375 0.63046875 0.0453125 0.0890625
6 0.8359375 0.50625 0.0484375 0.1
6 0.89765625 0.7359375 0.065625 0.1265625
4 0.56875 0.5828125 0.0203125 0.028125
6 0.5171875 0.46875 0.046875 0.1