6 0.19296875 0.721875 0.0640625 0.1421875
6 0.05625 0.5609375 0.0609375 0.1265625
6 0.196875 0.47421875 0.05 0.109375
6 0.2453125 0.46015625 0.0578125 0.1265625
6 0.33046875 0.4765625 0.0546875 0.11875
6 0.40625 0.55078125 0.065625 0.128125
6 0.4734375 0.56875 0.071875 0.1171875
6 0.65390625 0.5921875 0.0734375 0.14375
6 0.7890625 0.54375 0.06875 0.1390625
6 0.6140625 0.4671875 0.059375 0.1296875
6 0.51171875 0.43671875 0.0484375 0.109375
6 0.46484375 0.46875 0.0359375 0.0921875
6 0.4453125 0.47421875 0.0375 0.0953125
6 0.27578125 0.43046875 0.0421875 0.0859375
6 0.41328125 0.37265625 0.0453125 0.0859375
6 0.44296875 0.40390625 0.0390625 0.0875
3 0.034375 0.4625 0.0515625 0.121875
5 0.90703125 0.3640625 0.05625 0.11875