6 0.33828125 0.6125 0.0515625 0.165625
6 0.19765625 0.64765625 0.0515625 0.171875
6 0.77109375 0.5859375 0.065625 0.1703125
6 0.196875 0.45234375 0.0390625 0.140625
6 0.27890625 0.453125 0.046875 0.1625
6 0.484375 0.5296875 0.04375 0.153125
6 0.3953125 0.453125 0.0359375 0.146875
6 0.3171875 0.428125 0.034375 0.1453125
6 0.15234375 0.475 0.046875 0.1515625
5 0.7828125 0.42265625 0.0421875 0.1375
6 0.50546875 0.48359375 0.0328125 0.1234375
6 0.0109375 0.309375 0.021875 0.1109375
6 0.43984375 0.43828125 0.0421875 0.146875