6 0.26796875 0.82890625 0.0578125 0.175
6 0.403125 0.471875 0.040625 0.1171875
6 0.22421875 0.59296875 0.0328125 0.1328125
6 0.234375 0.7125 0.05 0.15
6 0.1 0.51484375 0.046875 0.1390625
6 0.29609375 0.43203125 0.0421875 0.1359375
6 0.240625 0.4640625 0.0421875 0.128125
6 0.38671875 0.3875 0.034375 0.1
6 0.3359375 0.39921875 0.0390625 0.128125
6 0.5453125 0.33203125 0.0390625 0.1046875
6 0.625 0.3171875 0.04375 0.0921875
6 0.5796875 0.43125 0.028125 0.1203125
6 0.60390625 0.41796875 0.03125 0.1265625
6 0.62890625 0.62265625 0.0390625 0.1171875
6 0.67265625 0.6703125 0.04375 0.10625
3 0.859375 0.53359375 0.053125 0.1234375
6 0.87265625 0.43203125 0.0453125 0.10625
6 0.93515625 0.415625 0.04375 0.1125
6 0.6578125 0.5921875 0.0421875 0.1046875
6 0.68046875 0.17109375 0.028125 0.0828125