6 0.421875 0.44609375 0.1328125 0.0609375
5 0.5140625 0.7796875 0.1359375 0.065625
6 0.58984375 0.05390625 0.115625 0.046875
6 0.2515625 0.2828125 0.1359375 0.0625
6 0.48125 0.08515625 0.128125 0.0546875
6 0.41328125 0.29375 0.153125 0.0625
6 0.5234375 0.42421875 0.1109375 0.0421875
6 0.47734375 0.48671875 0.1171875 0.046875
6 0.459375 0.65 0.1328125 0.0546875
6 0.3859375 0.78671875 0.1390625 0.0578125
6 0.53125 0.38828125 0.109375 0.046875
6 0.28984375 0.39140625 0.1625 0.0765625
6 0.653125 0.00546875 0.09375 0.0109375
4 0.2453125 0.4546875 0.0515625 0.025
6 0.384375 0.5421875 0.146875 0.05625