6 0.596875 0.69140625 0.0390625 0.1
6 0.29296875 0.4828125 0.0234375 0.06875
6 0.0375 0.51796875 0.03125 0.090625
6 0.19765625 0.4640625 0.025 0.084375
6 0.26953125 0.3234375 0.0171875 0.053125
6 0.428125 0.60078125 0.0359375 0.0984375
6 0.059375 0.33046875 0.021875 0.0640625
6 0.3328125 0.46640625 0.0234375 0.078125
6 0.5515625 0.753125 0.04375 0.121875
6 0.48671875 0.4421875 0.021875 0.0703125
6 0.3421875 0.37421875 0.0203125 0.065625
3 0.0265625 0.46171875 0.0328125 0.0765625
6 0.3234375 0.6359375 0.0296875 0.078125
6 0.31328125 0.6890625 0.0375 0.0953125
6 0.525 0.58203125 0.028125 0.0828125
6 0.5265625 0.53984375 0.0265625 0.078125
5 0.7859375 0.3390625 0.0296875 0.06875
4 0.56171875 0.77734375 0.009375 0.0203125