6 0.47734375 0.2390625 0.11875 0.05625
3 0.55390625 0.19765625 0.128125 0.05625
5 0.4703125 0.81953125 0.128125 0.0640625
6 0.60625 0.07421875 0.1171875 0.05625
6 0.3765625 0.41328125 0.14375 0.065625
6 0.540625 0.43125 0.115625 0.0515625
6 0.409375 0.62421875 0.1234375 0.0625
6 0.409375 0.52109375 0.1421875 0.0640625
6 0.6953125 0.3703125 0.109375 0.05
6 0.7703125 0.13671875 0.0828125 0.0390625
6 0.3890625 0.66875 0.1015625 0.0515625
4 0.72890625 0.22265625 0.0234375 0.01875
6 0.51484375 0.6515625 0.10625 0.0484375
6 0.409375 0.70703125 0.1203125 0.0546875
6 0.49921875 0.6828125 0.10625 0.04375