6 0.30859375 0.596875 0.1 0.0390625
6 0.5171875 0.29296875 0.06875 0.0234375
6 0.48203125 0.0375 0.090625 0.03125
6 0.5359375 0.19765625 0.084375 0.025
6 0.6765625 0.26953125 0.053125 0.0171875
6 0.39921875 0.428125 0.0984375 0.0359375
6 0.66953125 0.059375 0.0640625 0.021875
6 0.53359375 0.3328125 0.078125 0.0234375
6 0.246875 0.5515625 0.121875 0.04375
6 0.5578125 0.48671875 0.0703125 0.021875
6 0.62578125 0.3421875 0.065625 0.0203125
3 0.53828125 0.0265625 0.0765625 0.0328125
6 0.3640625 0.3234375 0.078125 0.0296875
6 0.3109375 0.31328125 0.0953125 0.0375
6 0.41796875 0.525 0.0828125 0.028125
6 0.46015625 0.5265625 0.078125 0.0265625
5 0.6609375 0.7859375 0.06875 0.0296875
4 0.22265625 0.56171875 0.0203125 0.009375