6 0.2171875 0.284375 0.05625 0.1015625
6 0.7984375 0.54453125 0.0625 0.10625
6 0.34375 0.47265625 0.059375 0.109375
6 0.44765625 0.39140625 0.053125 0.096875
6 0.87421875 0.47265625 0.0578125 0.0984375
6 0.78046875 0.2796875 0.0375 0.071875
6 0.3 0.2890625 0.05 0.0921875
6 0.89453125 0.72578125 0.0796875 0.1359375
6 0.0234375 0.53671875 0.046875 0.1546875
6 0.53671875 0.5109375 0.053125 0.1
6 0.3859375 0.2234375 0.040625 0.0734375
6 0.64453125 0.509375 0.0578125 0.1078125
6 0.86484375 0.37890625 0.0453125 0.0859375
6 0.48359375 0.4484375 0.046875 0.0890625
6 0.04453125 0.6125 0.0890625 0.146875
3 0.4265625 0.3515625 0.05 0.096875
6 0.50703125 0.440625 0.05 0.0921875
4 0.465625 0.484375 0.0171875 0.021875
4 0.1640625 0.04375 0.0390625 0.065625