6 0.53203125 0.58671875 0.034375 0.0953125
3 0.103125 0.44375 0.0296875 0.075
6 0.20390625 0.30546875 0.0203125 0.065625
6 0.30859375 0.4578125 0.025 0.084375
6 0.13984375 0.4875 0.021875 0.0828125
6 0.5734375 0.43984375 0.025 0.0734375
6 0.096875 0.55078125 0.0328125 0.10625
6 0.4453125 0.36796875 0.0265625 0.0765625
6 0.73125 0.76953125 0.0453125 0.1125
6 0.54375 0.5203125 0.0265625 0.078125
6 0.71171875 0.62109375 0.03125 0.090625
6 0.43046875 0.584375 0.034375 0.0921875
6 0.3421875 0.68125 0.03125 0.0984375
6 0.04921875 0.39453125 0.025 0.08125
6 0.97890625 0.34296875 0.03125 0.0671875
6 0.39453125 0.30234375 0.021875 0.0703125
6 0.36640625 0.653125 0.0265625 0.0828125
6 0.4171875 0.48046875 0.0265625 0.0875
4 0.70859375 0.74296875 0.0109375 0.01875