6 0.20546875 0.4984375 0.175 0.1078125
6 0.41015625 0.26953125 0.1671875 0.1
6 0.409375 0.6703125 0.14375 0.0984375
6 0.53359375 0.59375 0.121875 0.0734375
6 0.62578125 0.46875 0.1109375 0.06875
6 0.76328125 0.303125 0.109375 0.0671875
4 0.265625 0.4453125 0.04375 0.0390625
3 0.76015625 0.27109375 0.0984375 0.05625
6 0.69375 0.3796875 0.103125 0.0640625
6 0.69453125 0.396875 0.1015625 0.059375
6 0.70859375 0.45234375 0.0828125 0.0546875
6 0.59140625 0.57578125 0.1015625 0.0578125
6 0.6234375 0.5578125 0.0953125 0.0546875
6 0.6671875 0.5265625 0.1015625 0.0578125
6 0.6453125 0.54375 0.115625 0.0625
6 0.69140625 0.50546875 0.1015625 0.0625
6 0.7109375 0.48828125 0.0984375 0.0578125
6 0.721875 0.47421875 0.1046875 0.05625
5 0.584375 0.88828125 0.11875 0.075