6 0.615625 0.62421875 0.065625 0.1296875
6 0.321875 0.5421875 0.0546875 0.1328125
6 0.20078125 0.575 0.0453125 0.1171875
6 0.45859375 0.41796875 0.0421875 0.0953125
6 0.50234375 0.4515625 0.046875 0.10625
6 0.4109375 0.540625 0.0421875 0.1171875
6 0.2921875 0.52734375 0.0421875 0.1171875
6 0.371875 0.4484375 0.04375 0.1109375
6 0.28203125 0.40078125 0.0390625 0.090625
6 0.2265625 0.39453125 0.0421875 0.1125
6 0.74609375 0.53515625 0.040625 0.1046875
6 0.63671875 0.5328125 0.05 0.1078125
5 0.74765625 0.4328125 0.0453125 0.121875
6 0.096875 0.496875 0.0453125 0.121875
4 0.24140625 0.42109375 0.009375 0.021875