6 0.40703125 0.39609375 0.0390625 0.096875
6 0.44765625 0.446875 0.04375 0.1015625
6 0.675 0.55625 0.04375 0.1078125
6 0.11328125 0.3484375 0.0453125 0.103125
6 0.25625 0.50625 0.046875 0.1046875
6 0.60078125 0.5234375 0.04375 0.10625
6 0.6828125 0.4234375 0.0390625 0.0875
6 0.07734375 0.66875 0.0671875 0.1578125
6 0.70625 0.4984375 0.040625 0.1015625
6 0.203125 0.5359375 0.05625 0.128125
6 0.77109375 0.60625 0.05 0.125
6 0.5484375 0.5328125 0.053125 0.1078125
6 0.47734375 0.30625 0.0328125 0.075
6 0.25234375 0.59375 0.053125 0.1234375
6 0.19296875 0.3625 0.0484375 0.10625
3 0.284375 0.3421875 0.04375 0.09375
6 0.03359375 0.4 0.0515625 0.1203125
6 0.60625 0.37109375 0.0359375 0.084375
4 0.575 0.30703125 0.015625 0.03125