6 0.54375 0.3328125 0.096875 0.0296875
6 0.75859375 0.284375 0.0984375 0.0484375
6 0.4953125 0.978125 0.1046875 0.03125
3 0.41328125 0.915625 0.0859375 0.028125
6 0.4421875 0.44921875 0.090625 0.03125
6 0.459375 0.7109375 0.096875 0.03125
6 0.2796875 0.7921875 0.0703125 0.0234375
6 0.59375 0.8875 0.0953125 0.0390625
6 0.346875 0.553125 0.084375 0.025
6 0.284375 0.61015625 0.075 0.0265625
6 0.49453125 0.92265625 0.1015625 0.0296875
6 0.47421875 0.59453125 0.0875 0.0265625
6 0.5375 0.51328125 0.084375 0.0296875
6 0.3734375 0.95546875 0.078125 0.0234375
6 0.490625 0.5359375 0.0828125 0.0265625
6 0.57109375 0.65546875 0.0828125 0.034375
4 0.62109375 0.7109375 0.0328125 0.0140625
6 0.4859375 0.62265625 0.090625 0.028125
6 0.53046875 0.63515625 0.084375 0.025