3 0.2421875 0.89453125 0.1328125 0.0796875
6 0.33515625 0.61015625 0.1328125 0.0875
6 0.278125 0.50625 0.1421875 0.084375
6 0.4390625 0.62578125 0.10625 0.0640625
6 0.390625 0.4171875 0.125 0.08125
6 0.3375 0.74921875 0.0984375 0.0578125
6 0.32265625 0.765625 0.1109375 0.0640625
6 0.25625 0.765625 0.1140625 0.0578125
6 0.609375 0.3 0.1140625 0.0640625
6 0.56328125 0.13203125 0.134375 0.078125
6 0.6921875 0.34765625 0.103125 0.0640625
6 0.66953125 0.13359375 0.115625 0.06875
6 0.81875 0.15546875 0.1140625 0.065625
6 0.840625 0.096875 0.084375 0.046875
5 0.74921875 0.40546875 0.0890625 0.053125
4 0.22109375 0.72890625 0.0296875 0.0203125