6 0.78671875 0.77578125 0.0578125 0.171875
6 0.84453125 0.68984375 0.059375 0.15625
6 0.7765625 0.60390625 0.053125 0.1359375
6 0.44765625 0.7703125 0.0609375 0.18125
6 0.37890625 0.909375 0.0609375 0.1546875
6 0.63828125 0.44375 0.04375 0.1140625
6 0.50625 0.49453125 0.0328125 0.1109375
6 0.53828125 0.434375 0.0359375 0.1046875
6 0.41953125 0.48984375 0.0484375 0.1140625
6 0.32734375 0.6078125 0.0453125 0.134375
6 0.11015625 0.5171875 0.04375 0.115625
6 0.25703125 0.4109375 0.03125 0.115625
6 0.459375 0.46171875 0.0390625 0.1171875
3 0.32109375 0.56875 0.0234375 0.11875