6 0.4875 0.665625 0.0453125 0.1515625
6 0.203125 0.64140625 0.0546875 0.1296875
6 0.14765625 0.51171875 0.04375 0.1484375
6 0.2796875 0.46796875 0.0359375 0.134375
6 0.31953125 0.4921875 0.021875 0.1140625
6 0.434375 0.50546875 0.040625 0.1421875
6 0.49609375 0.521875 0.0421875 0.128125
6 0.63046875 0.55234375 0.0421875 0.128125
6 0.690625 0.5546875 0.0390625 0.128125
6 0.50625 0.44453125 0.0421875 0.1140625
6 0.56171875 0.51875 0.0359375 0.128125
6 0.46484375 0.46171875 0.0265625 0.1171875
6 0.325 0.42109375 0.03125 0.109375
6 0.29375 0.3875 0.0359375 0.096875
6 0.19375 0.3921875 0.03125 0.103125
3 0.01640625 0.384375 0.0328125 0.1171875
5 0.61875 0.4578125 0.034375 0.11875