6 0.3921875 0.5390625 0.0328125 0.109375
6 0.12109375 0.6625 0.0375 0.109375
6 0.53203125 0.59140625 0.03125 0.1046875
3 0.10234375 0.48984375 0.03125 0.1
6 0.67578125 0.4578125 0.034375 0.1
6 0.2453125 0.6671875 0.040625 0.134375
6 0.47734375 0.421875 0.0265625 0.0890625
6 0.6265625 0.534375 0.028125 0.1078125
6 0.65859375 0.58046875 0.0296875 0.1078125
6 0.0390625 0.39609375 0.0328125 0.090625
5 0.7296875 0.44765625 0.0359375 0.1
6 0.68046875 0.5796875 0.028125 0.1046875
6 0.28046875 0.50859375 0.03125 0.0796875
6 0.54609375 0.5390625 0.025 0.0828125
6 0.453125 0.39296875 0.0296875 0.1
6 0.115625 0.96328125 0.0765625 0.0734375
6 0.5453125 0.475 0.0265625 0.071875
4 0.721875 0.45703125 0.0140625 0.028125