6 0.0890625 0.878125 0.175 0.0796875
6 0.21171875 0.67265625 0.1640625 0.0859375
6 0.40703125 0.728125 0.1234375 0.05625
6 0.37734375 0.584375 0.15 0.0765625
6 0.48984375 0.91875 0.11875 0.053125
6 0.50234375 0.9625 0.1171875 0.0625
6 0.5234375 0.6828125 0.1140625 0.0578125
6 0.56171875 0.44140625 0.1015625 0.0515625
6 0.58359375 0.53046875 0.128125 0.0546875
6 0.57265625 0.60625 0.10625 0.046875
6 0.61640625 0.7109375 0.1203125 0.0625
6 0.63046875 0.59453125 0.11875 0.0578125
6 0.603125 0.478125 0.1125 0.0578125
6 0.48125 0.33203125 0.11875 0.0578125
6 0.57421875 0.36171875 0.1125 0.059375
6 0.53359375 0.234375 0.146875 0.0671875
6 0.36328125 0.1953125 0.1453125 0.0796875
6 0.22578125 0.0515625 0.1609375 0.0984375
3 0.7484375 0.84609375 0.0828125 0.0421875
3 0.35703125 0.85859375 0.1609375 0.071875
4 0.33359375 0.6171875 0.040625 0.025