6 0.5390625 0.6078125 0.109375 0.0328125
6 0.6625 0.87890625 0.109375 0.0375
6 0.59140625 0.46796875 0.1046875 0.03125
3 0.48984375 0.89765625 0.1 0.03125
6 0.4578125 0.32421875 0.1 0.034375
6 0.6671875 0.7546875 0.134375 0.040625
6 0.421875 0.52265625 0.0890625 0.0265625
6 0.534375 0.3734375 0.1078125 0.028125
6 0.58046875 0.34140625 0.1078125 0.0296875
6 0.39609375 0.9609375 0.090625 0.0328125
5 0.44765625 0.2703125 0.1 0.0359375
6 0.5796875 0.31953125 0.1046875 0.028125
6 0.50859375 0.71953125 0.0796875 0.03125
6 0.5390625 0.45390625 0.0828125 0.025
6 0.39296875 0.546875 0.1 0.0296875
6 0.96328125 0.884375 0.0734375 0.0765625
6 0.475 0.4546875 0.071875 0.0265625
4 0.45703125 0.278125 0.028125 0.0140625