6 0.584375 0.59921875 0.1046875 0.04375
6 0.69375 0.52265625 0.1125 0.0515625
6 0.6109375 0.70703125 0.10625 0.046875
6 0.71484375 0.42890625 0.0953125 0.040625
6 0.4140625 0.2359375 0.1609375 0.05625
3 0.60546875 0.21640625 0.14375 0.0484375
6 0.31484375 0.42890625 0.153125 0.0609375
6 0.50859375 0.84296875 0.14375 0.0546875
6 0.490625 0.9703125 0.1546875 0.0546875
6 0.4796875 0.43671875 0.140625 0.0484375
6 0.6484375 0.59921875 0.1 0.0421875
6 0.6015625 0.3515625 0.134375 0.05
6 0.490625 0.7390625 0.096875 0.0375
6 0.39453125 0.5390625 0.1359375 0.059375
4 0.475 0.38046875 0.034375 0.0171875