6 0.58671875 0.69609375 0.04375 0.1015625
6 0.29453125 0.471875 0.0265625 0.0703125
6 0.0375 0.49375 0.0359375 0.0921875
6 0.2 0.4484375 0.0296875 0.0859375
6 0.27890625 0.31171875 0.0203125 0.0546875
6 0.42265625 0.596875 0.0421875 0.1
6 0.06875 0.3078125 0.025 0.065625
6 0.33515625 0.4578125 0.0265625 0.0796875
6 0.53828125 0.75546875 0.05 0.1234375
6 0.48984375 0.44140625 0.025 0.071875
6 0.34921875 0.36640625 0.025 0.0671875
3 0.02890625 0.43671875 0.0375 0.078125
6 0.31640625 0.6265625 0.0328125 0.0796875
6 0.30390625 0.67890625 0.0421875 0.0984375
6 0.5203125 0.58359375 0.0328125 0.084375
6 0.52421875 0.54140625 0.03125 0.0796875
5 0.79375 0.35390625 0.0328125 0.0703125
4 0.546875 0.78046875 0.0109375 0.0203125