6 0.36484375 0.27578125 0.1203125 0.0671875
3 0.41640625 0.2046875 0.128125 0.06875
5 0.61328125 0.8 0.1296875 0.075
6 0.40859375 0.07109375 0.11875 0.0671875
6 0.35078125 0.47578125 0.1453125 0.078125
6 0.50625 0.4203125 0.1171875 0.0625
6 0.47265625 0.6515625 0.125 0.0734375
6 0.428125 0.55859375 0.14375 0.0765625
6 0.61875 0.29765625 0.1109375 0.059375
6 0.58359375 0.0546875 0.084375 0.046875
6 0.47421875 0.7 0.103125 0.059375
4 0.584375 0.15 0.0234375 0.0203125
6 0.5796875 0.6296875 0.1078125 0.0578125
6 0.509375 0.72578125 0.1203125 0.065625
6 0.5796875 0.66484375 0.10625 0.0546875