6 0.60703125 0.7390625 0.0890625 0.03125
6 0.6109375 0.4890625 0.084375 0.0328125
3 0.66796875 0.4671875 0.084375 0.0296875
6 0.66328125 0.2734375 0.0859375 0.0296875
6 0.3359375 0.94296875 0.1328125 0.05
6 0.6328125 0.365625 0.096875 0.0328125
6 0.4265625 0.62109375 0.11875 0.04375
6 0.771875 0.7125 0.0671875 0.0234375
6 0.65703125 0.084375 0.096875 0.0328125
6 0.728125 0.6984375 0.0765625 0.025
6 0.6421875 0.41875 0.0890625 0.034375
6 0.534375 0.04609375 0.1125 0.0390625
6 0.5546875 0.27578125 0.0953125 0.0296875
6 0.51328125 0.36328125 0.0859375 0.0296875
6 0.42421875 0.36015625 0.1234375 0.0375
6 0.7515625 0.4484375 0.0609375 0.025
6 0.18671875 0.7359375 0.1515625 0.059375
6 0.54453125 0.69140625 0.0984375 0.0328125
6 0.5359375 0.71328125 0.0921875 0.028125
6 0.4890625 0.00859375 0.115625 0.0171875
4 0.49453125 0.375 0.0203125 0.009375