6 0.359375 0.49375 0.0390625 0.1171875
6 0.39765625 0.66484375 0.04375 0.140625
6 0.471875 0.609375 0.0421875 0.1328125
6 0.25703125 0.328125 0.034375 0.1125
6 0.48359375 0.4875 0.040625 0.10625
3 0.1265625 0.51484375 0.0390625 0.1328125
6 0.17265625 0.57890625 0.040625 0.11875
5 0.75546875 0.48515625 0.0375 0.1203125
6 0.11328125 0.31640625 0.0265625 0.08125
6 0.55234375 0.51796875 0.0328125 0.109375
6 0.6171875 0.571875 0.0390625 0.10625
6 0.57890625 0.55234375 0.0328125 0.1171875
6 0.66953125 0.53515625 0.0359375 0.1234375
6 0.58046875 0.478125 0.0296875 0.10625
4 0.29765625 0.2625 0.01875 0.0375