6 0.8484375 0.7125 0.0578125 0.1296875
6 0.80390625 0.9015625 0.065625 0.1265625
6 0.43671875 0.428125 0.05625 0.146875
6 0.4921875 0.13984375 0.05 0.1328125
6 0.4125 0.23671875 0.05 0.1453125
6 0.23203125 0.203125 0.05 0.15625
5 0.62109375 0.11484375 0.0546875 0.1015625
6 0.36953125 0.57734375 0.046875 0.1640625
6 0.30859375 0.0390625 0.028125 0.071875
6 0.41875 0.6234375 0.053125 0.1578125
6 0.6625 0.609375 0.0578125 0.115625
6 0.65625 0.47578125 0.0546875 0.146875
6 0.49609375 0.33828125 0.0578125 0.1671875