6 0.48359375 0.809375 0.165625 0.071875
6 0.46640625 0.74921875 0.159375 0.0703125
6 0.46875 0.7015625 0.140625 0.0640625
6 0.5 0.68046875 0.153125 0.0765625
6 0.515625 0.63046875 0.1484375 0.0671875
6 0.42109375 0.6 0.0765625 0.05
6 0.47890625 0.540625 0.1515625 0.078125
6 0.57734375 0.5859375 0.178125 0.084375
6 0.5453125 0.396875 0.1515625 0.0734375
6 0.48671875 0.3203125 0.13125 0.0671875
6 0.4875 0.35625 0.165625 0.0828125
6 0.49140625 0.1859375 0.10625 0.0578125
4 0.525 0.2140625 0.034375 0.0265625
3 0.6328125 0.21953125 0.1390625 0.071875
6 0.55390625 0.2578125 0.1453125 0.06875
6 0.4578125 0.271875 0.0578125 0.03125
6 0.521875 0.296875 0.1078125 0.0484375
6 0.63125 0.3296875 0.1609375 0.084375
6 0.69609375 0.2109375 0.1625 0.090625
6 0.91875 0.15078125 0.1625 0.0890625
5 0.39140625 0.7015625 0.1296875 0.0609375