3 0.16328125 0.52421875 0.0859375 0.1453125
3 0.7703125 0.96953125 0.078125 0.0609375
6 0.23046875 0.76953125 0.0921875 0.1515625
6 0.22109375 0.7125 0.075 0.1328125
6 0.03984375 0.54453125 0.0734375 0.13125
6 0.09296875 0.5546875 0.084375 0.146875
6 0.12578125 0.32734375 0.065625 0.1375
6 0.365625 0.440625 0.0703125 0.115625
6 0.3734375 0.5640625 0.065625 0.1046875
6 0.4375 0.41796875 0.0890625 0.1203125
6 0.484375 0.54140625 0.0625 0.11875
6 0.471875 0.6109375 0.0609375 0.0890625
6 0.56875 0.7609375 0.075 0.15
6 0.53046875 0.7546875 0.0875 0.1515625
5 0.61953125 0.5 0.0921875 0.1484375
6 0.09296875 0.35078125 0.08125 0.140625