4 0.53125 0.56484375 0.015625 0.0203125
6 0.646875 0.53828125 0.0515625 0.109375
6 0.6953125 0.65234375 0.05625 0.128125
6 0.728125 0.696875 0.05625 0.1203125
6 0.8125 0.66484375 0.053125 0.11875
6 0.8875 0.67890625 0.059375 0.1203125
6 0.9578125 0.61328125 0.05 0.103125
6 0.48984375 0.765625 0.0625 0.1328125
6 0.565625 0.6765625 0.05625 0.1328125
6 0.5890625 0.6390625 0.059375 0.13125
6 0.8296875 0.6109375 0.04375 0.075
6 0.92109375 0.50546875 0.0484375 0.109375
6 0.80390625 0.53515625 0.046875 0.103125
6 0.88125 0.55390625 0.053125 0.1140625
6 0.8640625 0.5359375 0.04375 0.1015625
6 0.86328125 0.515625 0.0515625 0.121875
3 0.7265625 0.4640625 0.0578125 0.103125
5 0.24453125 0.4078125 0.0546875 0.1234375