6 0.47578125 0.20625 0.1015625 0.0375
6 0.6890625 0.078125 0.1453125 0.0546875
6 0.62109375 0.23671875 0.128125 0.0515625
6 0.5453125 0.34609375 0.1015625 0.034375
6 0.48359375 0.3203125 0.0921875 0.0296875
6 0.44921875 0.325 0.0890625 0.0328125
6 0.6328125 0.5640625 0.11875 0.04375
6 0.715625 0.60078125 0.159375 0.0515625
6 0.93359375 0.27421875 0.1328125 0.0828125
6 0.3875 0.62734375 0.084375 0.04375
6 0.38359375 0.671875 0.0984375 0.0390625
3 0.3203125 0.4703125 0.0515625 0.0203125
6 0.446875 0.503125 0.0734375 0.028125
6 0.4359375 0.51171875 0.096875 0.0421875
4 0.465625 0.49765625 0.0296875 0.015625