6 0.75078125 0.6578125 0.1359375 0.04375
6 0.65234375 0.6 0.1140625 0.0609375
6 0.6484375 0.56171875 0.128125 0.05
6 0.671875 0.5265625 0.10625 0.0359375
6 0.634375 0.471875 0.1203125 0.0640625
6 0.5 0.4546875 0.1328125 0.040625
6 0.58046875 0.340625 0.1484375 0.059375
6 0.44453125 0.3265625 0.1375 0.0390625
6 0.36875 0.2359375 0.128125 0.0578125
6 0.63828125 0.15546875 0.1546875 0.0546875
6 0.4015625 0.0390625 0.1296875 0.053125
3 0.18828125 0.19296875 0.1125 0.0359375
3 0.71640625 0.26015625 0.15625 0.0765625
5 0.46484375 0.75078125 0.1203125 0.0578125