1 0.9171875 0.94765625 0.15625 0.040625
1 0.521875 0.94921875 0.1171875 0.0296875
1 0.35390625 0.8171875 0.1125 0.0328125
1 0.33828125 0.66484375 0.0953125 0.03125
1 0.309375 0.5640625 0.08125 0.0359375
1 0.48046875 0.59765625 0.1265625 0.0328125
1 0.446875 0.53359375 0.115625 0.0328125
1 0.3109375 0.5140625 0.084375 0.028125
1 0.3921875 0.340625 0.103125 0.0265625
1 0.29453125 0.265625 0.0734375 0.0265625
1 0.4046875 0.17734375 0.09375 0.0375
1 0.4171875 0.1 0.1078125 0.034375
1 0.8578125 0.40234375 0.159375 0.040625
1 0.509375 0.00703125 0.1125 0.0140625
1 0.465625 0.240625 0.1203125 0.0296875