6 0.1921875 0.57890625 0.053125 0.1390625
6 0.2421875 0.43515625 0.0578125 0.1171875
6 0.30234375 0.44609375 0.0484375 0.1203125
6 0.36171875 0.375 0.046875 0.1078125
6 0.409375 0.375 0.053125 0.1203125
6 0.2703125 0.31953125 0.04375 0.1203125
6 0.2984375 0.3640625 0.0234375 0.1046875
6 0.52578125 0.45390625 0.0421875 0.1171875
6 0.67890625 0.81171875 0.0515625 0.1609375
6 0.74765625 0.70703125 0.046875 0.1296875
6 0.58828125 0.58203125 0.05625 0.1140625
6 0.59375 0.4765625 0.0453125 0.1078125
6 0.54609375 0.375 0.0390625 0.1203125
3 0.1984375 0.4953125 0.0234375 0.084375
5 0.94296875 0.525 0.059375 0.2109375