6 0.28984375 0.884375 0.1375 0.1375
3 0.4859375 0.7453125 0.10625 0.10625
6 0.6546875 0.7796875 0.1921875 0.11875
6 0.7359375 0.73203125 0.1328125 0.1328125
6 0.58125 0.65859375 0.153125 0.0921875
6 0.48359375 0.59140625 0.134375 0.1046875
6 0.47109375 0.45390625 0.090625 0.0890625
6 0.490625 0.42890625 0.1140625 0.1140625
6 0.57890625 0.46640625 0.1046875 0.103125
6 0.571875 0.35546875 0.1234375 0.125
6 0.78828125 0.4 0.1625 0.1
6 0.65078125 0.259375 0.125 0.125
6 0.840625 0.2375 0.1359375 0.1375
6 0.80859375 0.15859375 0.1140625 0.1140625
6 0.8125 0.13828125 0.0953125 0.0953125
4 0.39296875 0.4609375 0.0265625 0.0265625