6 0.77109375 0.7203125 0.1328125 0.0328125
6 0.70625 0.68359375 0.1015625 0.021875
6 0.65859375 0.65078125 0.0953125 0.0234375
6 0.534375 0.56640625 0.0828125 0.01875
6 0.584375 0.540625 0.08125 0.01875
6 0.53828125 0.5140625 0.090625 0.0296875
3 0.60234375 0.51171875 0.0859375 0.025
6 0.5546875 0.3890625 0.065625 0.0265625
6 0.58359375 0.34921875 0.075 0.01875
6 0.66015625 0.37890625 0.053125 0.0328125
6 0.70625 0.2484375 0.0890625 0.0203125
6 0.71640625 0.17890625 0.096875 0.034375
6 0.684375 0.20546875 0.0953125 0.028125
6 0.61328125 0.246875 0.0890625 0.0203125
6 0.603125 0.21953125 0.11875 0.028125
6 0.63828125 0.2203125 0.0953125 0.0171875
5 0.61171875 0.13515625 0.1 0.0234375