6 0.3859375 0.890625 0.1359375 0.0515625
6 0.55390625 0.73828125 0.109375 0.0390625
6 0.57421875 0.66015625 0.1046875 0.0359375
6 0.58203125 0.61484375 0.109375 0.0390625
6 0.5265625 0.57265625 0.121875 0.046875
6 0.26484375 0.4078125 0.184375 0.0546875
6 0.62109375 0.5078125 0.1015625 0.0328125
6 0.60546875 0.5796875 0.109375 0.0421875
6 0.6421875 0.4296875 0.1015625 0.0328125
6 0.6109375 0.4109375 0.071875 0.0296875
6 0.55625 0.39609375 0.075 0.0421875
6 0.484375 0.38125 0.1265625 0.040625
3 0.73203125 0.39375 0.075 0.0296875
3 0.51875 0.184375 0.140625 0.0546875
6 0.4890625 0.11328125 0.1546875 0.04375
6 0.60625 0.06953125 0.1171875 0.040625
6 0.46640625 0.0359375 0.153125 0.053125
6 0.69609375 0.35390625 0.0765625 0.0234375