6 0.11640625 0.25390625 0.0953125 0.15625
6 0.80390625 0.56328125 0.0921875 0.15
6 0.384375 0.35625 0.0796875 0.140625
3 0.96328125 0.56875 0.0734375 0.15625
6 0.28359375 0.4125 0.084375 0.146875
5 0.6734375 0.340625 0.0859375 0.1375
6 0.68203125 0.4734375 0.0796875 0.1421875
6 0.26171875 0.33359375 0.0828125 0.14375
6 0.4359375 0.5078125 0.084375 0.14375
6 0.03828125 0.56171875 0.0765625 0.1828125
6 0.10078125 0.39609375 0.0859375 0.1546875
6 0.1953125 0.21953125 0.08125 0.14375
6 0.36796875 0.29765625 0.0625 0.115625