6 0.503125 0.0390625 0.165625 0.078125
6 0.5609375 0.11796875 0.1453125 0.0640625
6 0.6265625 0.15625 0.1171875 0.04375
6 0.73671875 0.26328125 0.11875 0.0734375
6 0.41875 0.39296875 0.125 0.0734375
6 0.31484375 0.59375 0.2421875 0.115625
6 0.13671875 0.48359375 0.15625 0.0765625
6 0.515625 0.4953125 0.0765625 0.0703125
6 0.59765625 0.515625 0.1265625 0.05625
6 0.6125 0.49375 0.1015625 0.05
6 0.5921875 0.4375 0.1125 0.0703125
6 0.5203125 0.3859375 0.1171875 0.0515625
6 0.6046875 0.38671875 0.1453125 0.0640625
6 0.59375 0.34609375 0.165625 0.0703125
6 0.47265625 0.3078125 0.0890625 0.05625
3 0.37578125 0.29140625 0.1296875 0.05625
6 0.284375 0.9265625 0.1671875 0.0765625
5 0.55234375 0.64140625 0.125 0.109375