6 0.42578125 0.67734375 0.078125 0.0515625
6 0.50078125 0.67734375 0.1453125 0.0953125
6 0.521875 0.9078125 0.1375 0.0734375
6 0.59296875 0.75390625 0.1453125 0.0703125
6 0.57109375 0.7375 0.1390625 0.059375
6 0.86875 0.81796875 0.1859375 0.084375
6 0.95625 0.71484375 0.0875 0.0828125
6 0.70390625 0.5109375 0.171875 0.084375
6 0.5296875 0.58828125 0.1671875 0.08125
6 0.5578125 0.62265625 0.165625 0.071875
3 0.68515625 0.60390625 0.1734375 0.090625
6 0.48359375 0.46015625 0.1578125 0.084375
6 0.6265625 0.15546875 0.1875 0.0984375
6 0.50546875 0.3546875 0.1296875 0.065625
5 0.39609375 0.403125 0.1171875 0.0734375
6 0.54453125 0.3734375 0.1265625 0.0734375
6 0.490625 0.396875 0.1234375 0.0546875
4 0.40078125 0.25078125 0.034375 0.0265625