6 0.5953125 0.82578125 0.090625 0.1359375
6 0.3953125 0.70625 0.078125 0.146875
6 0.78984375 0.5265625 0.0953125 0.1515625
6 0.4296875 0.54453125 0.08125 0.11875
6 0.67421875 0.3578125 0.075 0.1203125
6 0.8125 0.2203125 0.065625 0.1140625
6 0.56796875 0.2703125 0.0625 0.096875
6 0.615625 0.33984375 0.06875 0.109375
3 0.565625 0.4546875 0.0671875 0.1109375
4 0.45703125 0.68671875 0.0296875 0.040625
5 0.22890625 0.403125 0.065625 0.1046875
6 0.42890625 0.44453125 0.071875 0.1078125
6 0.4828125 0.4171875 0.0671875 0.103125
6 0.4328125 0.390625 0.0640625 0.1
6 0.48359375 0.340625 0.0578125 0.096875
6 0.446875 0.36328125 0.0609375 0.0953125