3 0.134375 0.2375 0.0609375 0.1140625
6 0.22421875 0.16796875 0.05 0.0953125
6 0.228125 0.2984375 0.05 0.1078125
6 0.24609375 0.4140625 0.065625 0.1265625
6 0.3578125 0.25234375 0.059375 0.1015625
6 0.5171875 0.3984375 0.0578125 0.1015625
6 0.54140625 0.278125 0.0453125 0.090625
6 0.56015625 0.284375 0.059375 0.1
6 0.55234375 0.3890625 0.05 0.0953125
6 0.51796875 0.53125 0.05 0.103125
6 0.56953125 0.590625 0.053125 0.1015625
4 0.48671875 0.29140625 0.021875 0.028125
5 0.675 0.40859375 0.0578125 0.11875