6 0.02578125 0.52421875 0.0515625 0.2109375
6 0.20078125 0.2796875 0.0578125 0.1390625
6 0.2984375 0.353125 0.0234375 0.1328125
6 0.36875 0.41953125 0.0375 0.1484375
6 0.375 0.31484375 0.0421875 0.1046875
6 0.40546875 0.33203125 0.01875 0.0953125
6 0.428125 0.40703125 0.0296875 0.1234375
6 0.45078125 0.371875 0.0296875 0.1390625
6 0.46875 0.41953125 0.0390625 0.1046875
6 0.49765625 0.4015625 0.0328125 0.0984375
6 0.5015625 0.5109375 0.0453125 0.1390625
6 0.57890625 0.5140625 0.0609375 0.1515625
6 0.5625 0.71015625 0.0390625 0.1546875
6 0.6046875 0.725 0.04375 0.1484375
4 0.653125 0.7234375 0.028125 0.0703125
5 0.60078125 0.3671875 0.0453125 0.1296875
3 0.2234375 0.50625 0.0546875 0.1609375