6 0.634375 0.96875 0.1109375 0.059375
6 0.4796875 0.8390625 0.096875 0.046875
6 0.42734375 0.6921875 0.05625 0.0328125
6 0.5703125 0.70859375 0.0890625 0.0421875
6 0.52421875 0.64921875 0.0796875 0.0453125
6 0.49375 0.6359375 0.0765625 0.04375
6 0.43515625 0.49453125 0.0515625 0.0375
6 0.55625 0.52734375 0.0703125 0.04375
6 0.496875 0.49609375 0.06875 0.0453125
6 0.615625 0.51328125 0.06875 0.034375
6 0.83515625 0.63203125 0.103125 0.065625
6 0.834375 0.27890625 0.13125 0.0578125
6 0.6140625 0.4359375 0.1046875 0.04375
6 0.590625 0.3453125 0.1015625 0.0609375
6 0.5125 0.30546875 0.0640625 0.046875
6 0.60234375 0.23203125 0.1078125 0.0484375
6 0.7 0.1890625 0.1140625 0.05625
4 0.596875 0.40625 0.0296875 0.021875
3 0.6609375 0.540625 0.0875 0.0359375
6 0.67890625 0.571875 0.0703125 0.0421875
6 0.65390625 0.57109375 0.0609375 0.028125
3 0.90546875 0.61015625 0.10625 0.0484375