6 0.475 0.40703125 0.0875 0.1375
6 0.6921875 0.409375 0.075 0.1265625
6 0.778125 0.35546875 0.08125 0.125
6 0.878125 0.21796875 0.078125 0.1359375
6 0.92734375 0.309375 0.075 0.121875
6 0.58203125 0.38828125 0.0890625 0.146875
6 0.54296875 0.3921875 0.0765625 0.1265625
6 0.7390625 0.4453125 0.0671875 0.1109375
6 0.84765625 0.43515625 0.0703125 0.1078125
6 0.88515625 0.4359375 0.075 0.1109375
6 0.9203125 0.44609375 0.0765625 0.1046875
5 0.5203125 0.5390625 0.0515625 0.075
4 0.37109375 0.4734375 0.015625 0.0234375
3 0.9828125 0.42578125 0.034375 0.1078125