6 0.18359375 0.0890625 0.05 0.078125
6 0.15703125 0.1453125 0.04375 0.10625
6 0.38359375 0.16015625 0.0546875 0.1328125
6 0.49765625 0.45546875 0.0671875 0.1484375
6 0.65234375 0.48046875 0.0640625 0.14375
6 0.65078125 0.63984375 0.08125 0.146875
6 0.3421875 0.47265625 0.0546875 0.1015625
4 0.33203125 0.55703125 0.0203125 0.0328125
6 0.32734375 0.634375 0.0640625 0.11875
6 0.2296875 0.6 0.0546875 0.13125
6 0.2 0.62421875 0.05625 0.1203125
6 0.15703125 0.7046875 0.075 0.1578125
6 0.103125 0.7296875 0.071875 0.1546875
5 0.45078125 0.84140625 0.0859375 0.153125