6 0.90234375 0.74140625 0.19375 0.196875
3 0.6015625 0.9578125 0.1390625 0.05
5 0.57265625 0.278125 0.0921875 0.0921875
4 0.50859375 0.70078125 0.021875 0.0203125
6 0.46875 0.7140625 0.0984375 0.0375
6 0.4671875 0.68125 0.08125 0.0796875
6 0.5578125 0.67734375 0.1375 0.0640625
6 0.51796875 0.56953125 0.0890625 0.0921875
6 0.6203125 0.60546875 0.1109375 0.1109375
6 0.68828125 0.534375 0.1625 0.059375
6 0.57421875 0.54921875 0.134375 0.05625
6 0.5796875 0.4828125 0.084375 0.084375
6 0.65 0.49296875 0.0828125 0.0828125
6 0.6421875 0.46171875 0.1046875 0.1046875
6 0.60703125 0.43046875 0.1765625 0.046875
6 0.6765625 0.34375 0.1234375 0.1234375
6 0.6265625 0.31640625 0.1984375 0.05625