6 0.459375 0.21171875 0.125 0.053125
3 0.41015625 0.2625 0.08125 0.08125
6 0.43203125 0.31875 0.08125 0.0828125
6 0.515625 0.3890625 0.0796875 0.0828125
6 0.49140625 0.44296875 0.1125 0.046875
6 0.55390625 0.453125 0.065625 0.065625
6 0.503125 0.4953125 0.08125 0.08125
6 0.434375 0.478125 0.1109375 0.040625
6 0.47578125 0.55546875 0.0765625 0.0765625
6 0.44921875 0.58671875 0.0828125 0.0828125
6 0.4609375 0.6 0.09375 0.0953125
6 0.43046875 0.63359375 0.0953125 0.04375
6 0.33828125 0.64765625 0.0859375 0.084375
6 0.403125 0.7390625 0.09375 0.09375
5 0.51171875 0.74921875 0.084375 0.084375