3 0.89375 0.6390625 0.0734375 0.0734375
6 0.62265625 0.63671875 0.0859375 0.0859375
6 0.7234375 0.67734375 0.0625 0.0625
4 0.71484375 0.71796875 0.0296875 0.03125
5 0.76953125 0.8203125 0.1078125 0.109375
6 0.33359375 0.67421875 0.0890625 0.0890625
6 0.2171875 0.86953125 0.1 0.1015625
6 0.1640625 0.7390625 0.096875 0.1
3 0.209375 0.4921875 0.065625 0.0640625
6 0.17890625 0.503125 0.0296875 0.084375
6 0.30859375 0.41796875 0.0734375 0.0734375
6 0.4484375 0.378125 0.0453125 0.0453125
6 0.303125 0.23515625 0.025 0.05
6 0.41015625 0.23046875 0.05625 0.05625
6 0.621875 0.34765625 0.059375 0.059375
6 0.56171875 0.353125 0.0484375 0.0859375
5 0.75625 0.25546875 0.0578125 0.059375
6 0.0546875 0.33671875 0.0609375 0.0625
6 0.06953125 0.434375 0.0828125 0.0828125
6 0.0640625 0.52421875 0.0671875 0.06875
6 0.0171875 0.6046875 0.034375 0.071875
6 0.01484375 0.74375 0.0296875 0.084375