4 0.3921875 0.62109375 0.0453125 0.0265625
6 0.32265625 0.65078125 0.2359375 0.0453125
6 0.765625 0.61015625 0.1953125 0.059375
6 0.50390625 0.51875 0.1578125 0.0515625
6 0.29375 0.490625 0.140625 0.0546875
3 0.42421875 0.29921875 0.15 0.0546875
3 0.315625 0.1890625 0.1484375 0.0578125
3 0.22734375 0.16796875 0.1046875 0.0421875
3 0.4375 0.09453125 0.1578125 0.05
3 0.70859375 0.05546875 0.2015625 0.0578125
3 0.50625 0.596875 0.1484375 0.0703125
3 0.2921875 0.04140625 0.109375 0.034375
3 0.26640625 0.06015625 0.125 0.040625