6 0.65390625 0.2859375 0.053125 0.1171875
6 0.79453125 0.2203125 0.053125 0.115625
6 0.80546875 0.5734375 0.06875 0.175
6 0.675 0.4125 0.0484375 0.1109375
6 0.64140625 0.41796875 0.0546875 0.1046875
6 0.5875 0.5203125 0.053125 0.1296875
6 0.6609375 0.6484375 0.0625 0.153125
6 0.88671875 0.8640625 0.078125 0.1515625
6 0.43046875 0.75625 0.0703125 0.184375
6 0.11796875 0.8578125 0.065625 0.175
6 0.46953125 0.50234375 0.0640625 0.1421875
6 0.521875 0.434375 0.06875 0.103125
6 0.54296875 0.48515625 0.0671875 0.140625
3 0.94375 0.40703125 0.0734375 0.1515625
5 0.31796875 0.34375 0.05625 0.1203125