6 0.1984375 0.56875 0.05 0.190625
6 0.7609375 0.41796875 0.0625 0.1765625
6 0.94765625 0.19296875 0.0453125 0.15625
6 0.6109375 0.475 0.0546875 0.190625
6 0.45625 0.1453125 0.0484375 0.1546875
6 0.4453125 0.43125 0.0484375 0.1765625
6 0.52109375 0.3296875 0.0546875 0.16875
6 0.35078125 0.803125 0.0703125 0.171875
6 0.32421875 0.509375 0.059375 0.165625
5 0.7265625 0.190625 0.0484375 0.153125
6 0.62890625 0.3875 0.0453125 0.165625
4 0.384375 0.4625 0.0265625 0.0515625
6 0.3 0.228125 0.046875 0.165625
6 0.88671875 0.02265625 0.0421875 0.0453125
6 0.0140625 0.52265625 0.0234375 0.15625
6 0.503125 0.45703125 0.04375 0.1734375