1 0.17265625 0.51796875 0.0640625 0.115625
1 0.08359375 0.26015625 0.0359375 0.071875
1 0.38359375 0.43046875 0.046875 0.10625
1 0.44765625 0.490625 0.0375 0.0984375
1 0.4953125 0.5546875 0.0421875 0.1
1 0.61171875 0.55625 0.0390625 0.109375
1 0.63984375 0.475 0.0375 0.0921875
1 0.68203125 0.4578125 0.04375 0.1125
1 0.51796875 0.32421875 0.028125 0.0671875
1 0.459375 0.265625 0.0265625 0.071875
1 0.246875 0.7796875 0.06875 0.1390625
1 0.50546875 0.73125 0.0671875 0.134375
0 0.2 0.33046875 0.0171875 0.0234375