6 0.69765625 0.41171875 0.09375 0.1671875
6 0.7625 0.45234375 0.0703125 0.1234375
6 0.8390625 0.34765625 0.0953125 0.1703125
6 0.37890625 0.45234375 0.0890625 0.16875
6 0.6015625 0.4828125 0.0640625 0.0828125
6 0.6515625 0.53515625 0.0640625 0.1125
6 0.525 0.5703125 0.0578125 0.109375
6 0.48125 0.5671875 0.0765625 0.1296875
6 0.42421875 0.64296875 0.090625 0.1328125
6 0.3953125 0.60625 0.06875 0.128125
6 0.378125 0.52109375 0.0796875 0.146875
6 0.38203125 0.6609375 0.06875 0.1296875
6 0.30703125 0.71171875 0.0578125 0.109375
6 0.05078125 0.69375 0.0609375 0.13125
4 0.55390625 0.55625 0.0203125 0.028125
5 0.60390625 0.5875 0.0921875 0.1109375
3 0.878125 0.2375 0.1046875 0.18125