4 0.47109375 0.525 0.0171875 0.025
6 0.528125 0.52578125 0.046875 0.0953125
6 0.6046875 0.5421875 0.0359375 0.0984375
6 0.58671875 0.44765625 0.028125 0.0828125
6 0.559375 0.353125 0.021875 0.0640625
6 0.7078125 0.596875 0.05 0.0984375
6 0.7875 0.77109375 0.0609375 0.1421875
3 0.97421875 0.5625 0.034375 0.1046875
6 0.77734375 0.56875 0.03125 0.10625
6 0.7875 0.54140625 0.0265625 0.10625
6 0.78046875 0.41171875 0.028125 0.08125
6 0.821875 0.3515625 0.01875 0.075
6 0.63125 0.29765625 0.0171875 0.046875
6 0.41484375 0.296875 0.0140625 0.0375
6 0.9890625 0.584375 0.021875 0.115625