6 0.31796875 0.41875 0.1125 0.0453125
6 0.28046875 0.22421875 0.0984375 0.0375
6 0.51328125 0.29921875 0.1125 0.0484375
6 0.63203125 0.609375 0.1390625 0.053125
6 0.31640625 0.58046875 0.1109375 0.053125
6 0.2203125 0.53203125 0.078125 0.0359375
6 0.21640625 0.4015625 0.078125 0.0484375
6 0.20234375 0.478125 0.0875 0.04375
4 0.22265625 0.49375 0.0296875 0.0171875
6 0.4578125 0.653125 0.14375 0.0546875
6 0.453125 0.6828125 0.128125 0.05
6 0.79921875 0.5734375 0.1359375 0.0625
3 0.346875 0.321875 0.1 0.040625