6 0.54140625 0.01953125 0.2421875 0.0390625
6 0.365625 0.2390625 0.1015625 0.0765625
6 0.20859375 0.30625 0.1046875 0.0828125
6 0.21484375 0.34921875 0.109375 0.0671875
6 0.35390625 0.490625 0.1421875 0.0875
6 0.23125 0.525 0.1234375 0.06875
6 0.2296875 0.56171875 0.1109375 0.0703125
6 0.6140625 0.69609375 0.1765625 0.1078125
6 0.74609375 0.7765625 0.18125 0.1015625
6 0.51484375 0.8046875 0.153125 0.1234375
6 0.41171875 0.7671875 0.125 0.0828125
6 0.34921875 0.725 0.15 0.1234375
3 0.31796875 0.20546875 0.15625 0.1