1 0.5203125 0.046875 0.1 0.0234375
1 0.646875 0.28359375 0.078125 0.034375
1 0.64609375 0.38203125 0.0703125 0.0265625
1 0.5234375 0.31875 0.0890625 0.0328125
1 0.34140625 0.30546875 0.1140625 0.0421875
1 0.3421875 0.45 0.1125 0.0359375
1 0.5203125 0.42578125 0.0953125 0.034375
1 0.57109375 0.5578125 0.084375 0.021875
1 0.4484375 0.7328125 0.1015625 0.021875
1 0.58828125 0.75 0.0890625 0.0203125
1 0.69609375 0.73203125 0.0734375 0.025
1 0.67734375 0.7734375 0.0703125 0.0296875
1 0.578125 0.86796875 0.0953125 0.025
1 0.0953125 0.32109375 0.134375 0.03125
1 0.09921875 0.009375 0.134375 0.01875
1 0.4703125 0.76640625 0.1046875 0.01875