5 0.6 0.36328125 0.075 0.1265625
6 0.10390625 0.3453125 0.0890625 0.153125
6 0.34375 0.89609375 0.134375 0.1703125
6 0.6734375 0.72578125 0.084375 0.1375
6 0.51015625 0.71953125 0.0890625 0.1484375
6 0.553125 0.61640625 0.06875 0.1015625
6 0.6703125 0.621875 0.0859375 0.1453125
6 0.671875 0.55234375 0.059375 0.103125
4 0.63828125 0.59609375 0.0328125 0.053125
6 0.471875 0.559375 0.0875 0.1625
6 0.4109375 0.37265625 0.084375 0.1390625
6 0.30859375 0.2734375 0.0953125 0.15625
6 0.1234375 0.16484375 0.078125 0.134375
3 0.234375 0.52109375 0.103125 0.1703125
6 0.20625 0.70390625 0.0921875 0.171875
6 0.24921875 0.703125 0.1015625 0.18125
6 0.57734375 0.51015625 0.090625 0.134375
6 0.515625 0.53359375 0.0671875 0.134375