6 0.221875 0.7375 0.0953125 0.096875
6 0.26953125 0.6765625 0.078125 0.078125
6 0.309375 0.6328125 0.046875 0.1015625
6 0.4140625 0.51796875 0.034375 0.0859375
6 0.43203125 0.57265625 0.059375 0.0578125
6 0.46640625 0.52890625 0.0703125 0.0703125
3 0.46015625 0.5953125 0.04375 0.09375
6 0.5921875 0.56328125 0.0546875 0.053125
6 0.628125 0.59921875 0.059375 0.059375
6 0.5875 0.6734375 0.053125 0.053125
6 0.7140625 0.7390625 0.06875 0.0703125
6 0.78359375 0.759375 0.0765625 0.075
6 0.76171875 0.72265625 0.0453125 0.103125
6 0.72890625 0.64453125 0.06875 0.06875
6 0.75859375 0.63828125 0.0875 0.0875
6 0.75234375 0.6734375 0.034375 0.1
5 0.84296875 0.65859375 0.0421875 0.10625