3 0.16328125 0.51875 0.0875 0.1453125
3 0.7609375 0.971875 0.08125 0.05625
6 0.22578125 0.76484375 0.09375 0.1515625
6 0.2171875 0.7078125 0.0765625 0.1328125
6 0.03984375 0.53671875 0.075 0.13125
6 0.0921875 0.54765625 0.0875 0.146875
6 0.12890625 0.32109375 0.0671875 0.1375
6 0.36640625 0.43828125 0.071875 0.115625
6 0.371875 0.56171875 0.0671875 0.1046875
6 0.4390625 0.4171875 0.0890625 0.1203125
6 0.48359375 0.54140625 0.065625 0.11875
6 0.4703125 0.61015625 0.0625 0.0890625
6 0.5640625 0.7625 0.078125 0.15
6 0.5265625 0.7546875 0.090625 0.1515625
5 0.61953125 0.5015625 0.09375 0.1484375
6 0.0953125 0.34375 0.0828125 0.140625