4 0.68359375 0.5421875 0.03125 0.034375
6 0.159375 0.60703125 0.0375 0.096875
6 0.18359375 0.91328125 0.0578125 0.1359375
6 0.06171875 0.8890625 0.0625 0.1484375
6 0.02734375 0.6359375 0.0421875 0.11875
6 0.17421875 0.4328125 0.0359375 0.0859375
6 0.37890625 0.4203125 0.03125 0.0671875
6 0.44609375 0.32421875 0.028125 0.0765625
6 0.43046875 0.2515625 0.025 0.08125
6 0.5078125 0.4921875 0.03125 0.109375
6 0.5515625 0.4625 0.0359375 0.0765625
6 0.3671875 0.67734375 0.0359375 0.115625
6 0.47734375 0.7046875 0.0328125 0.134375
6 0.64921875 0.79609375 0.0375 0.1203125
6 0.6015625 0.6390625 0.0328125 0.1140625
6 0.75546875 0.71640625 0.053125 0.115625
3 0.3609375 0.48125 0.0390625 0.1015625
3 0.73671875 0.88203125 0.0546875 0.10625