6 0.63359375 0.05 0.1296875 0.0828125
6 0.72734375 0.08515625 0.11875 0.0734375
6 0.9265625 0.19375 0.1234375 0.071875
6 0.575 0.19375 0.1171875 0.075
6 0.69296875 0.340625 0.1359375 0.0875
6 0.44921875 0.5375 0.1125 0.075
6 0.6484375 0.64375 0.125 0.075
6 0.50546875 0.71484375 0.1609375 0.09375
6 0.575 0.78984375 0.1609375 0.1046875
6 0.4015625 0.47265625 0.1015625 0.06875
6 0.38671875 0.38125 0.1171875 0.078125
6 0.37734375 0.3296875 0.0859375 0.0546875
6 0.515625 0.3859375 0.0890625 0.0578125
5 0.36875 0.871875 0.1578125 0.1078125
3 0.575 0.2859375 0.125 0.0921875
4 0.66484375 0.678125 0.0765625 0.0484375
6 0.39296875 0.41796875 0.1046875 0.0703125
6 0.55546875 0.6703125 0.1140625 0.0734375
6 0.6984375 0.65390625 0.1171875 0.071875