5 0.59453125 0.36796875 0.0640625 0.1234375
6 0.58359375 0.5078125 0.0734375 0.128125
4 0.6390625 0.59765625 0.021875 0.028125
6 0.66640625 0.56171875 0.059375 0.1015625
6 0.678125 0.62578125 0.075 0.13125
6 0.67890625 0.73046875 0.0796875 0.1484375
6 0.54453125 0.63125 0.059375 0.1015625
6 0.5265625 0.7046875 0.075 0.121875
6 0.51484375 0.55 0.065625 0.1359375
6 0.48203125 0.5484375 0.0765625 0.146875
6 0.4109375 0.3625 0.0640625 0.121875
6 0.3046875 0.2734375 0.053125 0.096875
6 0.1140625 0.17890625 0.0671875 0.1171875
6 0.10546875 0.35234375 0.06875 0.1234375
6 0.24453125 0.52890625 0.084375 0.1390625
6 0.2171875 0.70390625 0.0734375 0.1625
6 0.2484375 0.69609375 0.08125 0.1546875
6 0.353125 0.909375 0.0703125 0.134375