6 0.63046875 0.22890625 0.1078125 0.0484375
6 0.6484375 0.34375 0.09375 0.046875
6 0.66796875 0.4015625 0.1015625 0.046875
6 0.57421875 0.43046875 0.11875 0.059375
6 0.6578125 0.5578125 0.1265625 0.05
6 0.61875 0.61328125 0.1578125 0.05625
6 0.534375 0.58203125 0.1140625 0.0484375
6 0.46953125 0.67109375 0.1546875 0.071875
6 0.3984375 0.53671875 0.1109375 0.05625
6 0.44609375 0.2453125 0.1078125 0.04375
3 0.52578125 0.2671875 0.09375 0.046875
6 0.06640625 0.5859375 0.1328125 0.0625
6 0.2671875 0.65625 0.1328125 0.0734375
5 0.44609375 0.9625 0.1328125 0.075
6 0.690625 0.32421875 0.1109375 0.0484375