4 0.37109375 0.5984375 0.046875 0.028125
6 0.296875 0.6140625 0.2359375 0.065625
6 0.73984375 0.659375 0.1953125 0.0765625
6 0.50078125 0.51875 0.159375 0.0625
6 0.29921875 0.4515625 0.14375 0.065625
3 0.4640625 0.28828125 0.153125 0.0671875
3 0.378125 0.159375 0.1515625 0.0703125
3 0.29609375 0.121875 0.10625 0.0515625
3 0.515625 0.090625 0.1609375 0.0625
3 0.7890625 0.10390625 0.2015625 0.0734375
3 0.48828125 0.59609375 0.153125 0.0828125
3 0.38359375 0.015625 0.1109375 0.03125
3 0.35390625 0.02421875 0.1265625 0.0484375