5 0.609375 0.16171875 0.0609375 0.034375
6 0.55625 0.296875 0.096875 0.03125
6 0.3 0.184375 0.1296875 0.040625
6 0.18671875 0.37890625 0.178125 0.0546875
6 0.46484375 0.34140625 0.0984375 0.0328125
6 0.53203125 0.359375 0.1 0.0359375
3 0.40390625 0.546875 0.1171875 0.0390625
6 0.43203125 0.47578125 0.11875 0.0375
6 0.5515625 0.65625 0.0953125 0.028125
6 0.4375 0.58984375 0.1140625 0.025
6 0.35703125 0.65703125 0.121875 0.034375
6 0.30078125 0.7359375 0.1328125 0.0296875
6 0.359375 0.90703125 0.1328125 0.0359375
6 0.52734375 0.8984375 0.11875 0.0390625
6 0.6296875 0.828125 0.06875 0.03125
3 0.70625 0.82421875 0.0453125 0.0140625