5 0.575 0.59765625 0.0828125 0.046875
6 0.375 0.74921875 0.1328125 0.05625
6 0.42421875 0.7 0.103125 0.05625
6 0.346875 0.68671875 0.128125 0.0671875
6 0.43046875 0.4203125 0.1265625 0.0578125
6 0.4609375 0.48203125 0.1359375 0.0625
6 0.53125 0.54921875 0.1078125 0.0578125
6 0.5796875 0.43828125 0.103125 0.0421875
6 0.58984375 0.40703125 0.0984375 0.0375
6 0.53125 0.35625 0.1078125 0.0484375
6 0.64453125 0.23828125 0.1078125 0.0515625
6 0.5796875 0.20078125 0.121875 0.0578125
6 0.6890625 0.0625 0.1046875 0.046875
6 0.6578125 0.03125 0.1046875 0.0390625
3 0.45546875 0.1265625 0.1546875 0.0796875