3 0.42734375 0.65625 0.1359375 0.034375
6 0.28984375 0.56875 0.0953125 0.021875
6 0.3359375 0.575 0.103125 0.021875
6 0.46875 0.69765625 0.1203125 0.0265625
6 0.6515625 0.77265625 0.1375 0.0328125
6 0.3671875 0.4671875 0.1046875 0.028125
6 0.3203125 0.40078125 0.1078125 0.0359375
6 0.3546875 0.28125 0.1125 0.0265625
6 0.37109375 0.2859375 0.096875 0.03125
6 0.4046875 0.22265625 0.1203125 0.0296875
6 0.40078125 0.12109375 0.0859375 0.0359375
6 0.44921875 0.11640625 0.1046875 0.0421875
6 0.4921875 0.1140625 0.1203125 0.05
6 0.5296875 0.33046875 0.125 0.028125
6 0.5046875 0.38671875 0.125 0.0234375
6 0.3015625 0.88203125 0.09375 0.01875
4 0.34296875 0.8703125 0.028125 0.021875
6 0.48359375 0.9265625 0.13125 0.034375
5 0.29296875 0.02734375 0.1296875 0.0328125
6 0.85625 0.45234375 0.184375 0.0578125