6 0.803125 0.1859375 0.1953125 0.1140625
6 0.615625 0.07890625 0.1796875 0.0984375
6 0.5265625 0.065625 0.134375 0.0734375
6 0.54609375 0.13203125 0.1421875 0.0859375
6 0.528125 0.36953125 0.140625 0.08125
6 0.61171875 0.5234375 0.1640625 0.0984375
6 0.56953125 0.54921875 0.153125 0.0984375
6 0.634375 0.63984375 0.1796875 0.1015625
6 0.61328125 0.76171875 0.175 0.1015625
6 0.4703125 0.553125 0.1546875 0.0828125
6 0.61171875 0.1875 0.115625 0.0625
3 0.70234375 0.234375 0.140625 0.0828125
5 0.4734375 0.68828125 0.14375 0.0734375
6 0.53828125 0.35390625 0.1109375 0.0640625