6 0.31328125 0.2546875 0.046875 0.109375
6 0.2734375 0.2375 0.0515625 0.1203125
3 0.19765625 0.359375 0.0484375 0.1125
6 0.21328125 0.409375 0.078125 0.1140625
6 0.00703125 0.6203125 0.0140625 0.18125
6 0.45703125 0.36640625 0.0578125 0.1
6 0.53203125 0.23984375 0.0609375 0.1046875
6 0.48828125 0.25 0.05 0.1109375
6 0.70859375 0.34609375 0.0609375 0.096875
6 0.753125 0.37890625 0.046875 0.10625
6 0.78984375 0.48359375 0.0734375 0.1203125
6 0.70390625 0.5984375 0.0703125 0.140625
6 0.79453125 0.6953125 0.059375 0.1421875