6 0.03125 0.62265625 0.0625 0.1390625
3 0.31953125 0.5203125 0.053125 0.10625
6 0.45703125 0.33984375 0.0625 0.121875
6 0.32890625 0.771875 0.0703125 0.1203125
6 0.71953125 0.7015625 0.059375 0.1171875
6 0.58984375 0.6484375 0.0625 0.1234375
6 0.54765625 0.6125 0.075 0.1390625
6 0.5140625 0.46875 0.071875 0.1484375
6 0.5953125 0.4296875 0.05625 0.13125
6 0.6734375 0.3703125 0.0671875 0.13125
6 0.61796875 0.47421875 0.06875 0.125
4 0.6203125 0.3640625 0.0390625 0.04375
6 0.70859375 0.55703125 0.08125 0.1625
6 0.82890625 0.5078125 0.078125 0.165625
6 0.7859375 0.4359375 0.0671875 0.13125