4 0.275 0.359375 0.0421875 0.0328125
5 0.38203125 0.40078125 0.1125 0.0671875
6 0.30859375 0.45859375 0.134375 0.0640625
6 0.221875 0.515625 0.184375 0.090625
6 0.33984375 0.5609375 0.1703125 0.0796875
6 0.3875 0.57734375 0.1796875 0.0796875
6 0.3828125 0.6078125 0.15 0.06875
6 0.36640625 0.75546875 0.1671875 0.103125
3 0.1421875 0.63125 0.2078125 0.096875
6 0.52890625 0.88359375 0.1328125 0.0703125
6 0.46640625 0.91953125 0.1796875 0.0796875
6 0.55390625 0.96015625 0.1453125 0.0796875
6 0.440625 0.965625 0.153125 0.06875