6 0.70234375 0.7765625 0.1125 0.0640625
6 0.69609375 0.734375 0.096875 0.0453125
6 0.7375 0.6765625 0.1125 0.0640625
6 0.7203125 0.65390625 0.1 0.0578125
6 0.6859375 0.6328125 0.115625 0.0609375
6 0.66953125 0.55 0.1203125 0.059375
6 0.51640625 0.7484375 0.1390625 0.08125
6 0.5640625 0.56953125 0.115625 0.0609375
6 0.57890625 0.52109375 0.1203125 0.059375
6 0.57421875 0.4578125 0.1359375 0.075
6 0.4453125 0.30703125 0.140625 0.0734375
6 0.3859375 0.23359375 0.1515625 0.0671875
4 0.35234375 0.2640625 0.05625 0.0453125
3 0.625 0.9609375 0.159375 0.0765625
5 0.57578125 0.30078125 0.1203125 0.059375