4 0.81796875 0.51015625 0.034375 0.05625
6 0.03984375 0.4140625 0.0625 0.1171875
6 0.17890625 0.63359375 0.078125 0.15625
6 0.115625 0.37734375 0.053125 0.1109375
6 0.16328125 0.3453125 0.0546875 0.1078125
6 0.20546875 0.3484375 0.0609375 0.1296875
6 0.2734375 0.4859375 0.078125 0.1484375
6 0.2921875 0.3640625 0.0546875 0.0984375
6 0.32109375 0.346875 0.059375 0.1125
6 0.4203125 0.38125 0.046875 0.1046875
6 0.4421875 0.44375 0.071875 0.1125
6 0.63046875 0.4296875 0.0625 0.115625
6 0.89921875 0.51875 0.0640625 0.15
5 0.73515625 0.31484375 0.0703125 0.1328125