6 0.51875 0.88828125 0.1171875 0.046875
3 0.475 0.784375 0.1046875 0.040625
6 0.46171875 0.7046875 0.1140625 0.0375
6 0.33515625 0.76875 0.1265625 0.053125
6 0.646875 0.72421875 0.1015625 0.040625
6 0.646875 0.68671875 0.1015625 0.025
6 0.4828125 0.67265625 0.090625 0.025
6 0.53515625 0.63515625 0.1078125 0.034375
6 0.6078125 0.65625 0.075 0.03125
6 0.55234375 0.59140625 0.1046875 0.0296875
6 0.55078125 0.55546875 0.0953125 0.0375
6 0.475 0.52421875 0.1046875 0.0375
6 0.42421875 0.434375 0.1203125 0.034375
6 0.32421875 0.5140625 0.1109375 0.0375
6 0.2453125 0.49140625 0.1265625 0.040625
6 0.31171875 0.35078125 0.1109375 0.05625
5 0.478125 0.140625 0.0984375 0.053125
6 0.3953125 0.36875 0.1109375 0.0328125