6 0.65234375 0.61796875 0.034375 0.071875
6 0.67109375 0.5453125 0.0625 0.134375
6 0.89921875 0.584375 0.040625 0.13125
6 0.76953125 0.47578125 0.034375 0.140625
6 0.74765625 0.49296875 0.025 0.1375
6 0.90234375 0.22578125 0.0390625 0.18125
6 0.83515625 0.07890625 0.04375 0.15625
6 0.56328125 0.30546875 0.04375 0.165625
6 0.59296875 0.49453125 0.040625 0.1625
6 0.63359375 0.47578125 0.03125 0.1625
3 0.6484375 0.3484375 0.05 0.165625
6 0.45703125 0.50546875 0.046875 0.1515625
6 0.2 0.28828125 0.053125 0.1796875
6 0.3609375 0.45703125 0.034375 0.125
5 0.3796875 0.575 0.046875 0.109375
6 0.3890625 0.42421875 0.04375 0.11875
6 0.39765625 0.48203125 0.025 0.1203125
4 0.23359375 0.53125 0.01875 0.0296875