6 0.71953125 0.675 0.0765625 0.1390625
6 0.75390625 0.715625 0.0796875 0.1453125
6 0.68984375 0.5046875 0.0640625 0.11875
3 0.62890625 0.71328125 0.08125 0.1421875
3 0.6875 0.41328125 0.0625 0.0984375
6 0.41640625 0.5140625 0.0734375 0.1359375
6 0.1375 0.81796875 0.0890625 0.165625
6 0.5765625 0.50390625 0.075 0.1421875
6 0.29140625 0.66015625 0.08125 0.1515625
6 0.94453125 0.68359375 0.075 0.15
6 0.7375 0.49140625 0.0640625 0.1125
6 0.46171875 0.49375 0.0765625 0.140625
6 0.78359375 0.49375 0.05625 0.1015625
6 0.51796875 0.50859375 0.0734375 0.1390625
6 0.803125 0.49140625 0.0625 0.10625
5 0.51953125 0.43046875 0.05625 0.096875