6 0.421875 0.17734375 0.075 0.1609375
6 0.453125 0.47578125 0.0703125 0.153125
6 0.6046875 0.44375 0.059375 0.1234375
6 0.6359375 0.44140625 0.0671875 0.1296875
6 0.7453125 0.4546875 0.0640625 0.1296875
6 0.7875 0.5578125 0.0734375 0.146875
6 0.871875 0.6765625 0.0890625 0.1703125
6 0.81640625 0.72734375 0.078125 0.1453125
6 0.71328125 0.63671875 0.090625 0.1265625
6 0.665625 0.5921875 0.065625 0.1328125
6 0.55078125 0.559375 0.0578125 0.128125
4 0.57265625 0.5859375 0.0390625 0.028125
6 0.40078125 0.634375 0.090625 0.1359375
3 0.3203125 0.4 0.0578125 0.1203125
6 0.09296875 0.19375 0.0671875 0.115625
3 0.6125 0.0734375 0.0390625 0.0859375