1 0.32890625 0.89609375 0.090625 0.1703125
1 0.425 0.7109375 0.0796875 0.1546875
1 0.46015625 0.68828125 0.0859375 0.1484375
1 0.428125 0.60625 0.0578125 0.1015625
1 0.4609375 0.60546875 0.071875 0.140625
1 0.47578125 0.578125 0.0765625 0.1546875
1 0.57265625 0.69375 0.0734375 0.140625
1 0.65703125 0.6578125 0.0921875 0.1609375
1 0.56796875 0.45078125 0.071875 0.1265625
1 0.6765625 0.35078125 0.075 0.128125
1 0.83046875 0.3953125 0.0640625 0.125
1 0.8453125 0.375 0.0796875 0.14375
1 0.965625 0.43984375 0.06875 0.1359375
1 0.75625 0.76875 0.0890625 0.1609375
1 0.93359375 0.79296875 0.096875 0.1703125