6 0.58984375 0.74453125 0.065625 0.1359375
6 0.71484375 0.634375 0.059375 0.125
6 0.665625 0.56796875 0.0546875 0.13125
6 0.7546875 0.53828125 0.0453125 0.1
6 0.89609375 0.51484375 0.0390625 0.0984375
6 0.89453125 0.4859375 0.0375 0.0921875
6 0.85390625 0.4890625 0.0515625 0.0921875
6 0.70078125 0.45625 0.05625 0.1171875
6 0.8046875 0.39609375 0.040625 0.096875
6 0.86953125 0.38515625 0.05 0.0984375
6 0.81796875 0.3859375 0.0484375 0.0953125
4 0.57890625 0.5328125 0.0125 0.0171875
3 0.7703125 0.33984375 0.05 0.0953125
5 0.2609375 0.5140625 0.04375 0.1125