3 0.82890625 0.55625 0.0578125 0.121875
3 0.0078125 0.89765625 0.015625 0.1703125
6 0.67890625 0.8953125 0.059375 0.1984375
6 0.4921875 0.69453125 0.0765625 0.1390625
6 0.30703125 0.78515625 0.0703125 0.153125
6 0.20390625 0.83359375 0.065625 0.1640625
6 0.6484375 0.63828125 0.0640625 0.15625
6 0.54375 0.58828125 0.0484375 0.10625
6 0.59140625 0.55078125 0.046875 0.0921875
6 0.58125 0.4875 0.0328125 0.1125
6 0.7453125 0.471875 0.0609375 0.14375
6 0.7765625 0.5125 0.05625 0.1796875
6 0.68515625 0.43671875 0.0484375 0.121875
6 0.64921875 0.51796875 0.05 0.1015625
5 0.49453125 0.475 0.0671875 0.1078125