6 0.34921875 0.52734375 0.06875 0.159375
6 0.21640625 0.64609375 0.103125 0.19375
6 0.12578125 0.6890625 0.1171875 0.190625
6 0.5453125 0.64765625 0.0625 0.15
6 0.57421875 0.62421875 0.0640625 0.1515625
6 0.59765625 0.66484375 0.0875 0.1515625
6 0.60390625 0.5203125 0.05 0.1171875
6 0.62890625 0.509375 0.06875 0.1390625
6 0.66015625 0.5328125 0.0796875 0.15
6 0.46875 0.48671875 0.059375 0.1109375
6 0.43984375 0.56796875 0.084375 0.153125
6 0.3984375 0.5125 0.0671875 0.153125
6 0.35 0.525 0.08125 0.171875
5 0.290625 0.61875 0.0875 0.140625
3 0.47421875 0.73671875 0.0984375 0.1796875
4 0.08359375 0.44609375 0.0203125 0.03125