6 0.22578125 0.63203125 0.075 0.13125
6 0.30546875 0.665625 0.0734375 0.1359375
6 0.45234375 0.81171875 0.0734375 0.1359375
6 0.51796875 0.65078125 0.065625 0.115625
6 0.4578125 0.49453125 0.06875 0.109375
6 0.55625 0.54140625 0.0671875 0.1125
6 0.59921875 0.76484375 0.08125 0.125
6 0.36171875 0.3984375 0.0640625 0.1015625
6 0.42109375 0.32734375 0.0484375 0.084375
6 0.34921875 0.22265625 0.05 0.078125
6 0.00703125 0.51875 0.0140625 0.115625
3 0.2875 0.43984375 0.0515625 0.0890625
3 0.60703125 0.9390625 0.0765625 0.121875
4 0.7 0.7375 0.0296875 0.0328125
5 0.93515625 0.58984375 0.05 0.0828125