6 0.059375 0.390625 0.034375 0.075
6 0.1421875 0.3171875 0.0296875 0.0609375
6 0.1640625 0.28984375 0.0234375 0.0515625
6 0.2953125 0.4203125 0.0296875 0.0671875
6 0.32890625 0.3875 0.034375 0.0671875
6 0.32109375 0.4890625 0.0375 0.075
6 0.3921875 0.41015625 0.0375 0.071875
6 0.48125 0.3796875 0.0203125 0.053125
6 0.51015625 0.475 0.0328125 0.0671875
6 0.4953125 0.54765625 0.034375 0.06875
6 0.63671875 0.54609375 0.0296875 0.06875
6 0.65234375 0.47734375 0.0265625 0.053125
6 0.72734375 0.4265625 0.0203125 0.0484375
6 0.778125 0.49453125 0.025 0.05625
6 0.684375 0.71953125 0.040625 0.0921875
6 0.79921875 0.64765625 0.0265625 0.0609375
6 0.55078125 0.3859375 0.021875 0.0453125
6 0.5203125 0.42265625 0.025 0.0546875
3 0.5015625 0.4 0.025 0.0453125
6 0.2359375 0.7921875 0.0515625 0.103125
6 0.87265625 0.61171875 0.040625 0.084375
4 0.5046875 0.49453125 0.0109375 0.0171875