6 0.928125 0.2359375 0.046875 0.1109375
6 0.83671875 0.42265625 0.0609375 0.0609375
6 0.703125 0.51171875 0.025 0.05625
6 0.684375 0.3640625 0.05625 0.05625
6 0.63671875 0.42578125 0.0515625 0.0515625
6 0.63125 0.459375 0.05625 0.053125
6 0.5046875 0.55234375 0.0390625 0.0390625
6 0.5078125 0.42421875 0.028125 0.0671875
6 0.490625 0.490625 0.05 0.0515625
6 0.47890625 0.36796875 0.0421875 0.0421875
6 0.5421875 0.1203125 0.05625 0.1
6 0.190625 0.20859375 0.08125 0.0796875
6 0.4015625 0.3890625 0.0640625 0.0640625
6 0.3171875 0.434375 0.075 0.0765625
6 0.29765625 0.52265625 0.05 0.05
6 0.20234375 0.45078125 0.0671875 0.06875
6 0.134375 0.36484375 0.0765625 0.078125
4 0.37734375 0.4140625 0.0234375 0.0234375
3 0.49453125 0.315625 0.053125 0.053125
6 0.52109375 0.28984375 0.05 0.0515625
6 0.52734375 0.315625 0.0390625 0.0390625
3 0.503125 0.0546875 0.06875 0.0703125