6 0.25859375 0.26953125 0.04375 0.13125
6 0.18203125 0.296875 0.0328125 0.146875
6 0.31015625 0.31875 0.025 0.121875
6 0.32421875 0.28046875 0.025 0.0859375
6 0.07265625 0.6265625 0.0390625 0.1984375
6 0.26796875 0.50546875 0.0390625 0.18125
6 0.37265625 0.4 0.0359375 0.1484375
6 0.45546875 0.61953125 0.05625 0.171875
6 0.6328125 0.69140625 0.05 0.1796875
6 0.89609375 0.53359375 0.053125 0.1453125
5 0.89609375 0.40546875 0.040625 0.1078125
4 0.56328125 0.28125 0.015625 0.0296875
6 0.53046875 0.3546875 0.0390625 0.13125
6 0.55 0.409375 0.0421875 0.115625
6 0.61328125 0.39140625 0.03125 0.1203125
6 0.63515625 0.45390625 0.046875 0.1484375
6 0.70625 0.459375 0.0390625 0.1515625
6 0.73359375 0.4515625 0.04375 0.1640625
3 0.0953125 0.4109375 0.040625 0.1703125
6 0.065625 0.22890625 0.0609375 0.15