3 0.27109375 0.37578125 0.0296875 0.1078125
3 0.73828125 0.790625 0.053125 0.19375
5 0.671875 0.4828125 0.0421875 0.1171875
6 0.32265625 0.58203125 0.059375 0.128125
6 0.0484375 0.5703125 0.040625 0.1359375
6 0.0328125 0.5921875 0.034375 0.1015625
6 0.0125 0.54921875 0.025 0.1453125
6 0.2875 0.7703125 0.05625 0.175
6 0.346875 0.7265625 0.05 0.140625
6 0.39140625 0.7296875 0.0546875 0.1515625
6 0.434375 0.73984375 0.0625 0.146875
6 0.459375 0.815625 0.0703125 0.1640625
3 0.38515625 0.625 0.034375 0.0421875