6 0.27734375 0.28671875 0.03125 0.1078125
6 0.23515625 0.2765625 0.034375 0.1171875
3 0.1796875 0.40859375 0.0328125 0.109375
6 0.20234375 0.45546875 0.0625 0.10625
6 0.01328125 0.69921875 0.0265625 0.1796875
6 0.43671875 0.375 0.04375 0.0953125
6 0.490625 0.23828125 0.0484375 0.0984375
6 0.44921875 0.2546875 0.034375 0.10625
6 0.68203125 0.315625 0.046875 0.090625
6 0.73125 0.340625 0.03125 0.1046875
6 0.78359375 0.43828125 0.0578125 0.1140625
6 0.7171875 0.565625 0.05 0.1359375
6 0.82109375 0.646875 0.0375 0.1390625