5 0.234375 0.7390625 0.140625 0.0484375
6 0.29296875 0.91484375 0.15 0.05625
3 0.5921875 0.90703125 0.1421875 0.0515625
6 0.584375 0.7796875 0.1625 0.0515625
6 0.70078125 0.775 0.1828125 0.0625
6 0.41171875 0.58984375 0.1328125 0.0421875
6 0.575 0.5953125 0.125 0.05625
4 0.72109375 0.62890625 0.0546875 0.0296875
6 0.6984375 0.5640625 0.1546875 0.059375
6 0.70625 0.4859375 0.146875 0.0578125
6 0.60625 0.375 0.146875 0.0546875
6 0.60546875 0.31484375 0.1546875 0.059375
6 0.66171875 0.30234375 0.1421875 0.0640625
6 0.4984375 0.23359375 0.1703125 0.0640625
6 0.578125 0.18671875 0.16875 0.0515625