6 0.81484375 0.85859375 0.1671875 0.0609375
6 0.69296875 0.54609375 0.1734375 0.0453125
6 0.47578125 0.2796875 0.1328125 0.053125
6 0.415625 0.3 0.1265625 0.0328125
6 0.52578125 0.55546875 0.14375 0.059375
6 0.47109375 0.56875 0.1046875 0.0375
6 0.51640625 0.6859375 0.134375 0.0453125
6 0.628125 0.63984375 0.15625 0.0359375
6 0.51484375 0.734375 0.1140625 0.0234375
6 0.57109375 0.80546875 0.078125 0.0703125
5 0.3828125 0.62265625 0.1296875 0.0421875
3 0.66328125 0.48125 0.1453125 0.05
4 0.578125 0.72109375 0.0375 0.0140625
3 0.24375 0.3484375 0.1125 0.0390625