6 0.5328125 0.590625 0.0828125 0.1375
6 0.709375 0.4640625 0.06875 0.1265625
6 0.8109375 0.45859375 0.0765625 0.1234375
6 0.9671875 0.51328125 0.065625 0.1359375
6 0.959375 0.4109375 0.06875 0.121875
6 0.63125 0.54453125 0.0828125 0.146875
6 0.596875 0.5640625 0.0703125 0.1265625
6 0.72734375 0.4078125 0.0625 0.1109375
6 0.821875 0.353125 0.0671875 0.1078125
6 0.85234375 0.33125 0.0703125 0.109375
6 0.875 0.303125 0.071875 0.103125
5 0.49375 0.45625 0.0484375 0.075
4 0.409375 0.59609375 0.015625 0.0234375
3 0.94609375 0.27890625 0.0484375 0.1078125