4 0.6859375 0.5328125 0.040625 0.040625
6 0.228125 0.26796875 0.06875 0.103125
6 0.3703125 0.034375 0.103125 0.06875
6 0.2484375 0.02421875 0.109375 0.0484375
6 0.11796875 0.18984375 0.08125 0.125
6 0.17421875 0.43515625 0.0640625 0.0921875
6 0.35703125 0.52578125 0.0515625 0.0734375
6 0.38125 0.640625 0.0515625 0.0796875
6 0.3390625 0.70078125 0.0515625 0.084375
6 0.5046875 0.51015625 0.0671875 0.1125
6 0.5328125 0.5546875 0.0609375 0.084375
6 0.446875 0.28515625 0.0734375 0.1171875
6 0.559375 0.303125 0.078125 0.1328125
6 0.753125 0.2859375 0.0796875 0.125
6 0.64765625 0.41171875 0.071875 0.115625
6 0.81953125 0.40078125 0.0890625 0.1234375
3 0.36484375 0.46328125 0.0734375 0.1078125
3 0.8671875 0.240625 0.0875 0.115625