6 0.86640625 0.36015625 0.0515625 0.11875
6 0.80390625 0.446875 0.0484375 0.10625
6 0.5765625 0.4734375 0.0609375 0.1359375
6 0.553125 0.3125 0.05 0.1046875
3 0.42265625 0.4203125 0.05 0.1140625
6 0.3703125 0.56171875 0.059375 0.146875
6 0.321875 0.51640625 0.05625 0.1203125
6 0.27421875 0.5515625 0.0515625 0.11875
6 0.2390625 0.371875 0.065625 0.128125
6 0.19296875 0.57265625 0.059375 0.1296875
6 0.14140625 0.58984375 0.059375 0.134375
6 0.1 0.5625 0.0546875 0.115625
6 0.05234375 0.5609375 0.059375 0.1546875
6 0.015625 0.55625 0.03125 0.14375
6 0.115625 0.41484375 0.053125 0.125
6 0.18515625 0.521875 0.046875 0.11875
5 0.08984375 0.79375 0.084375 0.178125
6 0.13046875 0.16328125 0.0515625 0.1140625
4 0.71953125 0.30859375 0.025 0.03125
3 0.8484375 0.1453125 0.0375 0.075