6 0.59609375 0.37421875 0.171875 0.0921875
6 0.62109375 0.88984375 0.159375 0.078125
4 0.5921875 0.80859375 0.0484375 0.0265625
6 0.4234375 0.5125 0.1375 0.0609375
5 0.41015625 0.6390625 0.1265625 0.071875
6 0.434375 0.4203125 0.1625 0.075
6 0.2953125 0.27734375 0.140625 0.065625
6 0.5140625 0.303125 0.1703125 0.0890625
6 0.475 0.23125 0.153125 0.0734375
6 0.31484375 0.1625 0.1453125 0.08125
6 0.37578125 0.12421875 0.153125 0.0625
3 0.45 0.07734375 0.1609375 0.06875
3 0.1875 0.35 0.1234375 0.0625