6 0.5140625 0.315625 0.1140625 0.046875
6 0.34609375 0.3 0.1265625 0.0390625
6 0.27109375 0.40625 0.1421875 0.0375
6 0.40078125 0.3390625 0.1203125 0.0390625
6 0.42890625 0.23828125 0.115625 0.046875
6 0.4640625 0.1375 0.0859375 0.040625
6 0.51171875 0.01015625 0.1109375 0.0203125
6 0.421875 0.09609375 0.0953125 0.0296875
6 0.54921875 0.103125 0.103125 0.025
6 0.51328125 0.121875 0.0875 0.0265625
6 0.5578125 0.16875 0.0875 0.028125
5 0.51171875 0.7296875 0.1125 0.0296875
3 0.6203125 0.20703125 0.103125 0.040625
4 0.4546875 0.4171875 0.015625 0.0125
6 0.5921875 0.121875 0.1 0.021875