6 0.790625 0.86171875 0.271875 0.1984375
3 0.42890625 0.9703125 0.1421875 0.059375
5 0.6015625 0.3203125 0.10625 0.10625
4 0.41640625 0.70546875 0.0234375 0.0234375
6 0.37421875 0.70703125 0.103125 0.0484375
6 0.3828125 0.6734375 0.0890625 0.0875
6 0.4703125 0.696875 0.109375 0.109375
6 0.46328125 0.58203125 0.0984375 0.096875
6 0.55078125 0.646875 0.125 0.125
6 0.63671875 0.5984375 0.1671875 0.075
6 0.5234375 0.57890625 0.103125 0.1046875
6 0.5484375 0.5171875 0.10625 0.10625
6 0.6125 0.54765625 0.115625 0.065625
6 0.6140625 0.515625 0.15625 0.0890625
6 0.5890625 0.475 0.13125 0.13125
6 0.68125 0.41328125 0.1421875 0.1421875
6 0.64140625 0.37265625 0.1484375 0.1484375