6 0.6109375 0.9578125 0.1546875 0.0640625
6 0.53359375 0.88515625 0.1421875 0.03125
6 0.46015625 0.8640625 0.1171875 0.015625
6 0.32734375 0.78671875 0.1109375 0.0484375
6 0.6046875 0.584375 0.1171875 0.046875
6 0.65703125 0.3640625 0.234375 0.0609375
6 0.85625 0.428125 0.1515625 0.040625
6 0.4859375 0.50859375 0.065625 0.05625
6 0.4015625 0.50859375 0.1234375 0.028125
6 0.3921875 0.53359375 0.0984375 0.025
6 0.42578125 0.5828125 0.1046875 0.046875
6 0.5078125 0.615625 0.1140625 0.025
6 0.42578125 0.63515625 0.1421875 0.03125
6 0.44609375 0.671875 0.1625 0.03125
6 0.57265625 0.6796875 0.084375 0.0375
3 0.67109375 0.67265625 0.1265625 0.025
6 0.60625 0.03359375 0.1625 0.0375
5 0.41484375 0.37578125 0.1078125 0.084375