6 0.15546875 0.11171875 0.0546875 0.0796875
6 0.13359375 0.1703125 0.0515625 0.10625
6 0.36015625 0.16953125 0.0640625 0.1328125
6 0.49453125 0.45546875 0.0765625 0.15
6 0.65078125 0.4703125 0.071875 0.14375
6 0.66015625 0.62890625 0.090625 0.1484375
6 0.340625 0.48359375 0.0609375 0.103125
4 0.33671875 0.56875 0.0234375 0.0328125
6 0.33671875 0.64609375 0.071875 0.1203125
6 0.2375 0.61875 0.0640625 0.13125
6 0.209375 0.6453125 0.0625 0.1203125
6 0.171875 0.728125 0.084375 0.1578125
6 0.1203125 0.75703125 0.08125 0.1546875
5 0.475 0.84375 0.0953125 0.1546875