6 0.70234375 0.12265625 0.1203125 0.05
5 0.55703125 0.184375 0.1203125 0.0484375
6 0.7421875 0.35390625 0.1390625 0.028125
6 0.65625 0.24765625 0.0953125 0.05
6 0.3703125 0.175 0.1171875 0.03125
6 0.83046875 0.3890625 0.1328125 0.0359375
6 0.565625 0.43203125 0.13125 0.034375
6 0.46015625 0.4359375 0.1140625 0.0296875
4 0.38046875 0.43046875 0.046875 0.015625
6 0.4125 0.2296875 0.1 0.03125
6 0.6265625 0.4734375 0.1140625 0.0375
6 0.75 0.57734375 0.1171875 0.0359375
6 0.59140625 0.65625 0.1046875 0.03125
5 0.51953125 0.7109375 0.0875 0.028125
6 0.48671875 0.2578125 0.1 0.021875
6 0.5109375 0.28046875 0.0953125 0.028125
6 0.5890625 0.259375 0.11875 0.034375