6 0.05546875 0.5703125 0.028125 0.096875
6 0.2046875 0.684375 0.03125 0.0765625
6 0.95234375 0.775 0.0453125 0.1125
3 0.253125 0.5984375 0.028125 0.08125
6 0.24921875 0.49453125 0.021875 0.06875
6 0.3953125 0.61875 0.0234375 0.075
6 0.3875 0.54609375 0.025 0.0921875
6 0.40078125 0.52421875 0.025 0.071875
6 0.44296875 0.521875 0.03125 0.0875
6 0.478125 0.59296875 0.0265625 0.0828125
6 0.4890625 0.5578125 0.0234375 0.1
6 0.50390625 0.53046875 0.021875 0.0859375
6 0.51796875 0.56875 0.015625 0.0890625
6 0.52890625 0.57890625 0.0234375 0.0796875
6 0.57734375 0.5265625 0.03125 0.0859375
6 0.59140625 0.56484375 0.0265625 0.0921875
6 0.66875 0.57265625 0.0328125 0.0890625
6 0.590625 0.6453125 0.0375 0.0921875
6 0.39375 0.67734375 0.0125 0.03125
6 0.2296875 0.54375 0.0390625 0.0453125
6 0.27265625 0.54765625 0.0421875 0.05625
5 0.6875 0.5234375 0.025 0.0875