3 0.909375 0.5828125 0.065625 0.065625
6 0.640625 0.61796875 0.0765625 0.0765625
6 0.74609375 0.64453125 0.0546875 0.0546875
4 0.74296875 0.6859375 0.0265625 0.0265625
5 0.81171875 0.7796875 0.0953125 0.096875
6 0.359375 0.6953125 0.078125 0.0796875
6 0.27109375 0.90546875 0.0875 0.090625
6 0.20078125 0.78359375 0.0859375 0.0890625
3 0.2109375 0.5328125 0.0578125 0.05625
6 0.1828125 0.54765625 0.01875 0.0828125
6 0.29921875 0.4453125 0.065625 0.065625
6 0.43203125 0.38671875 0.040625 0.040625
6 0.26796875 0.26484375 0.01875 0.0484375
6 0.3734375 0.2453125 0.05 0.05
6 0.59921875 0.33203125 0.053125 0.053125
6 0.540625 0.34609375 0.0375 0.08125
5 0.71953125 0.221875 0.0515625 0.053125
6 0.0359375 0.4 0.053125 0.0546875
6 0.06484375 0.49453125 0.0734375 0.0734375
6 0.071875 0.584375 0.059375 0.0609375
6 0.025 0.6734375 0.05 0.065625
6 0.03203125 0.81171875 0.0640625 0.0765625