5 0.35234375 0.8203125 0.0953125 0.0625
6 0.58359375 0.7046875 0.0640625 0.0328125
6 0.57109375 0.6640625 0.0984375 0.0546875
6 0.528125 0.5296875 0.0859375 0.0453125
6 0.40546875 0.5765625 0.0703125 0.0359375
6 0.33203125 0.56171875 0.0578125 0.0296875
6 0.37890625 0.559375 0.053125 0.03125
6 0.3078125 0.54609375 0.059375 0.0328125
6 0.31484375 0.3796875 0.053125 0.0390625
3 0.49140625 0.41953125 0.075 0.0375
6 0.56875 0.3671875 0.0890625 0.05625
6 0.5453125 0.4234375 0.071875 0.034375
6 0.82578125 0.58515625 0.1203125 0.0625
6 0.88203125 0.465625 0.1109375 0.0703125
6 0.7921875 0.33515625 0.121875 0.0625
6 0.953125 0.3484375 0.09375 0.0625
6 0.846875 0.19140625 0.09375 0.053125
6 0.61484375 0.2 0.071875 0.05625
6 0.3640625 0.2953125 0.0578125 0.0296875
6 0.56171875 0.31328125 0.0609375 0.028125
4 0.60390625 0.3171875 0.0234375 0.015625
4 0.596875 0.16015625 0.08125 0.0453125