6 0.03203125 0.38984375 0.0640625 0.1171875
6 0.209375 0.36015625 0.0671875 0.10625
6 0.2203125 0.53828125 0.08125 0.134375
6 0.3375 0.44765625 0.1 0.146875
6 0.4125 0.40859375 0.065625 0.1109375
6 0.41875 0.28203125 0.05625 0.09375
6 0.52578125 0.5015625 0.0703125 0.0984375
6 0.51875 0.42265625 0.0703125 0.1125
6 0.45078125 0.32734375 0.0640625 0.096875
6 0.5546875 0.65625 0.08125 0.1484375
6 0.62734375 0.740625 0.0921875 0.16875
6 0.45625 0.75078125 0.0875 0.1375
6 0.48671875 0.68828125 0.065625 0.1109375
6 0.60546875 0.6234375 0.0796875 0.1234375
5 0.85078125 0.66796875 0.090625 0.134375
3 0.25234375 0.4046875 0.0875 0.128125