1 0.36171875 0.3390625 0.096875 0.0296875
1 0.0609375 0.584375 0.1125 0.0375
1 0.09609375 0.6640625 0.1359375 0.0453125
1 0.15625 0.67421875 0.128125 0.0328125
1 0.19140625 0.690625 0.125 0.0359375
1 0.284375 0.68828125 0.0828125 0.03125
1 0.19296875 0.71484375 0.1234375 0.0265625
1 0.2078125 0.73203125 0.128125 0.0328125
1 0.1640625 0.746875 0.1203125 0.0359375
1 0.22109375 0.778125 0.1390625 0.04375
1 0.2109375 0.825 0.109375 0.046875
1 0.22578125 0.86640625 0.125 0.0515625
1 0.35625 0.90390625 0.0953125 0.0328125
1 0.38125 0.89453125 0.0984375 0.0265625
1 0.39140625 0.91640625 0.1171875 0.0328125
1 0.4171875 0.94765625 0.1078125 0.0359375
1 0.315625 0.9859375 0.11875 0.028125