1 0.1875 0.60078125 0.0734375 0.140625
1 0.38984375 0.5796875 0.075 0.1375
1 0.35234375 0.48828125 0.065625 0.1140625
1 0.4546875 0.41171875 0.065625 0.1125
1 0.478125 0.4171875 0.0625 0.1171875
1 0.5296875 0.4 0.0703125 0.11875
1 0.64609375 0.31484375 0.065625 0.1125
1 0.5671875 0.275 0.0609375 0.1078125
1 0.73515625 0.38203125 0.075 0.1328125
1 0.75078125 0.52734375 0.078125 0.1453125
1 0.809375 0.43359375 0.071875 0.146875
1 0.846875 0.403125 0.0734375 0.13125
1 0.85078125 0.284375 0.0671875 0.11875
0 0.40234375 0.54453125 0.0265625 0.034375