5 0.53125 0.53984375 0.06875 0.0703125
6 0.52109375 0.33828125 0.096875 0.1625
6 0.4546875 0.496875 0.0640625 0.1328125
6 0.415625 0.540625 0.08125 0.146875
4 0.47109375 0.5890625 0.034375 0.053125
6 0.28984375 0.3640625 0.0859375 0.1734375
6 0.1125 0.3 0.1015625 0.184375
6 0.17578125 0.6484375 0.0796875 0.1359375
6 0.17734375 0.7078125 0.08125 0.1265625
6 0.09765625 0.70703125 0.0953125 0.13125
6 0.11171875 0.65078125 0.0578125 0.0953125
6 0.040625 0.59453125 0.08125 0.1421875
6 0.1453125 0.6140625 0.0671875 0.0609375