6 0.2765625 0.4 0.0765625 0.1171875
3 0.23046875 0.50625 0.078125 0.1296875
6 0.06015625 0.5078125 0.0765625 0.134375
6 0.2625 0.7453125 0.0890625 0.159375
6 0.3390625 0.5109375 0.0625 0.109375
6 0.33203125 0.38515625 0.0671875 0.115625
6 0.39296875 0.2953125 0.05625 0.0921875
6 0.43984375 0.38984375 0.071875 0.1203125
6 0.4703125 0.2375 0.0625 0.1015625
6 0.57578125 0.26640625 0.05625 0.096875
6 0.67734375 0.2859375 0.0640625 0.1140625
6 0.76640625 0.3265625 0.084375 0.1484375
6 0.84140625 0.4546875 0.0921875 0.1609375
6 0.93359375 0.47578125 0.0890625 0.1671875