3 0.65625 0.346875 0.1515625 0.06875
6 0.61171875 0.05703125 0.20625 0.0953125
6 0.48046875 0.02109375 0.1328125 0.0421875
6 0.35859375 0.13125 0.175 0.0546875
6 0.4265625 0.2609375 0.1546875 0.0625
6 0.4296875 0.32265625 0.1484375 0.05
6 0.4796875 0.371875 0.1015625 0.040625
6 0.39140625 0.3625 0.10625 0.034375
6 0.46484375 0.51875 0.109375 0.065625
6 0.58125 0.48046875 0.1375 0.0640625
6 0.71328125 0.62734375 0.1625 0.0890625
6 0.59453125 0.78046875 0.146875 0.053125
6 0.58046875 0.83359375 0.1359375 0.0640625
6 0.4921875 0.43203125 0.1421875 0.040625
6 0.4484375 0.4671875 0.165625 0.0546875
5 0.45625 0.59609375 0.1359375 0.0515625