6 0.4171875 0.50234375 0.0578125 0.1421875
6 0.56015625 0.4453125 0.053125 0.1484375
6 0.62421875 0.38046875 0.0546875 0.1296875
6 0.70546875 0.7421875 0.0640625 0.178125
3 0.34375 0.37109375 0.0546875 0.1375
6 0.5203125 0.6828125 0.0609375 0.1765625
6 0.77578125 0.52421875 0.0609375 0.16875
6 0.375 0.5734375 0.0546875 0.15625
5 0.21328125 0.47109375 0.0546875 0.134375
3 0.64453125 0.6515625 0.0578125 0.16875
6 0.975 0.4203125 0.0453125 0.140625
6 0.8671875 0.52265625 0.0515625 0.15
6 0.496875 0.4453125 0.05 0.1375
6 0.425 0.4078125 0.04375 0.1140625
6 0.20078125 0.596875 0.0625 0.1578125
6 0.52734375 0.390625 0.0453125 0.1203125
6 0.4984375 0.3484375 0.0421875 0.1109375
6 0.21484375 0.60546875 0.0546875 0.1546875
6 0.97265625 0.34453125 0.034375 0.08125
6 0.78671875 0.159375 0.0515625 0.121875