6 0.9765625 0.64609375 0.046875 0.1421875
6 0.6796875 0.78671875 0.0671875 0.1375
3 0.70546875 0.534375 0.08125 0.1296875
6 0.5546875 0.50859375 0.0671875 0.1671875
6 0.54375 0.33125 0.0765625 0.1484375
6 0.440625 0.4765625 0.0578125 0.1375
6 0.41796875 0.59921875 0.0390625 0.1078125
6 0.39453125 0.61484375 0.0390625 0.134375
6 0.27734375 0.63515625 0.0390625 0.14375
6 0.25078125 0.459375 0.0484375 0.1046875
6 0.31015625 0.475 0.046875 0.0984375
6 0.20703125 0.553125 0.0625 0.128125
6 0.121875 0.3953125 0.0609375 0.1484375
6 0.090625 0.475 0.0546875 0.1328125
4 0.40546875 0.44453125 0.0203125 0.0390625