1 0.1546875 0.628125 0.0765625 0.1734375
1 0.1671875 0.39765625 0.0625 0.1328125
1 0.38046875 0.43046875 0.0578125 0.10625
1 0.40625 0.4890625 0.0609375 0.10625
1 0.44140625 0.459375 0.053125 0.0984375
1 0.52890625 0.5703125 0.06875 0.1484375
1 0.47734375 0.66640625 0.065625 0.134375
1 0.590625 0.56796875 0.0703125 0.1484375
1 0.7578125 0.59609375 0.0484375 0.0859375
1 0.73046875 0.68671875 0.059375 0.1359375
1 0.759375 0.67890625 0.0609375 0.14375
1 0.790625 0.78671875 0.0609375 0.14375
1 0.5671875 0.9484375 0.065625 0.103125
1 0.63046875 0.94140625 0.0734375 0.1171875
1 0.41640625 0.43984375 0.0375 0.053125