6 0.35078125 0.0546875 0.1296875 0.06875
6 0.446875 0.0296875 0.11875 0.059375
6 0.6734375 0.01640625 0.125 0.0328125
6 0.3859375 0.20625 0.1171875 0.0625
6 0.5671875 0.25859375 0.1359375 0.0734375
6 0.48046875 0.559375 0.1109375 0.0640625
6 0.70390625 0.5328125 0.125 0.0625
6 0.62734375 0.67265625 0.1609375 0.0765625
6 0.728125 0.69453125 0.159375 0.0875
6 0.40390625 0.53359375 0.1 0.059375
6 0.3390625 0.46796875 0.1171875 0.065625
6 0.3015625 0.43125 0.0859375 0.046875
6 0.446875 0.39765625 0.0890625 0.0484375
5 0.60625 0.8796875 0.15625 0.0921875
3 0.4390625 0.28203125 0.121875 0.08125
4 0.7375 0.55078125 0.0765625 0.0421875
6 0.36484375 0.49453125 0.103125 0.059375
6 0.64296875 0.6078125 0.1125 0.0625
6 0.75078125 0.5125 0.1171875 0.0609375