4 0.48671875 0.28046875 0.0296875 0.05
6 0.684375 0.57890625 0.0890625 0.2
6 0.74375 0.34453125 0.059375 0.165625
6 0.7421875 0.259375 0.0578125 0.1359375
6 0.49140625 0.4828125 0.090625 0.1734375
6 0.3984375 0.4296875 0.0984375 0.2140625
6 0.35625 0.66328125 0.075 0.1703125
6 0.1734375 0.77421875 0.084375 0.190625
6 0.08515625 0.59453125 0.09375 0.1625
6 0.23828125 0.51640625 0.0609375 0.146875
6 0.2578125 0.41484375 0.05625 0.1390625
6 0.0359375 0.63046875 0.0671875 0.153125
6 0.159375 0.478125 0.08125 0.190625
6 0.18671875 0.48046875 0.0546875 0.1421875
6 0.5703125 0.21875 0.053125 0.115625
6 0.55625 0.30703125 0.0515625 0.1265625
6 0.53046875 0.2796875 0.0625 0.1234375
3 0.65234375 0.37578125 0.0953125 0.215625