6 0.7640625 0.59375 0.0359375 0.134375
6 0.81015625 0.62109375 0.0359375 0.140625
6 0.68125 0.4421875 0.028125 0.115625
3 0.69140625 0.659375 0.0390625 0.1359375
3 0.64921875 0.35703125 0.034375 0.0921875
6 0.42578125 0.540625 0.0328125 0.1328125
6 0.2609375 0.91875 0.0375 0.1625
6 0.5734375 0.47890625 0.03125 0.1390625
6 0.3546875 0.71953125 0.034375 0.1484375
6 0.9796875 0.52890625 0.028125 0.1484375
6 0.721875 0.41484375 0.03125 0.1078125
6 0.46171875 0.50625 0.0328125 0.1375
6 0.76640625 0.4015625 0.0265625 0.0984375
6 0.51953125 0.50234375 0.0296875 0.1375
6 0.78359375 0.39296875 0.03125 0.1015625
5 0.49609375 0.428125 0.028125 0.0921875