6 0.60390625 0.03984375 0.1546875 0.0796875
3 0.565625 0.0859375 0.1515625 0.0765625
3 0.5375 0.13671875 0.1734375 0.0953125
3 0.4828125 0.228125 0.146875 0.0984375
3 0.23671875 0.31484375 0.2140625 0.125
3 0.378125 0.41875 0.1484375 0.0671875
3 0.34765625 0.6265625 0.16875 0.0984375
3 0.43828125 0.59765625 0.1265625 0.0546875
3 0.453125 0.51875 0.14375 0.0765625
3 0.47578125 0.46875 0.1421875 0.0796875
3 0.5171875 0.359375 0.134375 0.08125
3 0.44296875 0.4046875 0.11875 0.0609375
3 0.53671875 0.40078125 0.1203125 0.0625