4 0.46953125 0.565625 0.0171875 0.021875
6 0.35390625 0.54140625 0.053125 0.109375
6 0.30703125 0.65625 0.0578125 0.128125
6 0.27578125 0.70078125 0.0578125 0.1203125
6 0.190625 0.6703125 0.0546875 0.1171875
6 0.115625 0.68515625 0.0609375 0.11875
6 0.04375 0.62109375 0.0515625 0.103125
6 0.51484375 0.765625 0.0640625 0.1328125
6 0.4375 0.67734375 0.0609375 0.1328125
6 0.41328125 0.640625 0.0609375 0.13125
6 0.17265625 0.61640625 0.0453125 0.075
6 0.07890625 0.51328125 0.05 0.1109375
6 0.196875 0.53984375 0.0484375 0.103125
6 0.11953125 0.56015625 0.0546875 0.1140625
6 0.13671875 0.5421875 0.0453125 0.1015625
6 0.13671875 0.521875 0.053125 0.121875
3 0.27265625 0.46796875 0.059375 0.103125
5 0.75390625 0.40390625 0.05625 0.1234375