3 0.57890625 0.2015625 0.19375 0.0484375
6 0.29296875 0.42109375 0.1109375 0.0375
6 0.19765625 0.4484375 0.1296875 0.053125
4 0.17109375 0.496875 0.090625 0.0171875
6 0.6015625 0.3171875 0.1484375 0.0640625
6 0.7421875 0.2 0.1203125 0.040625
6 0.70234375 0.3015625 0.1328125 0.0328125
6 0.71484375 0.3578125 0.1390625 0.0375
6 0.596875 0.425 0.1328125 0.03125
6 0.6515625 0.46015625 0.1421875 0.034375
6 0.51875 0.55703125 0.1421875 0.0375
6 0.528125 0.5046875 0.1484375 0.05
6 0.6046875 0.51015625 0.1234375 0.040625
5 0.63125 0.64296875 0.1453125 0.078125