6 0.88125 0.59453125 0.0609375 0.1578125
6 0.79140625 0.58359375 0.0625 0.1578125
6 0.39765625 0.5671875 0.053125 0.1484375
3 0.7359375 0.640625 0.0625 0.153125
6 0.4109375 0.75078125 0.05625 0.159375
6 0.6546875 0.40234375 0.0453125 0.1125
3 0.64453125 0.31875 0.0359375 0.0859375
6 0.48828125 0.53671875 0.04375 0.13125
6 0.52265625 0.42109375 0.053125 0.1671875
6 0.33828125 0.946875 0.0515625 0.10625
6 0.69375 0.34921875 0.040625 0.09375
6 0.46015625 0.4953125 0.046875 0.128125
6 0.57890625 0.5 0.053125 0.1578125
6 0.671875 0.3921875 0.046875 0.1171875
4 0.63984375 0.346875 0.01875 0.0328125