6 0.71328125 0.46484375 0.134375 0.034375
6 0.6875 0.9515625 0.1390625 0.053125
6 0.39140625 0.74140625 0.1109375 0.0296875
6 0.41875 0.81875 0.1109375 0.0234375
6 0.43515625 0.37265625 0.096875 0.0359375
6 0.378125 0.49765625 0.1 0.0421875
6 0.3921875 0.5546875 0.103125 0.0375
6 0.30546875 0.55859375 0.09375 0.0375
6 0.31328125 0.6140625 0.090625 0.0359375
6 0.246875 0.65703125 0.08125 0.0359375
6 0.29609375 0.6734375 0.075 0.025
6 0.5265625 0.24375 0.109375 0.03125
6 0.44921875 0.25625 0.096875 0.0375
6 0.4921875 0.2296875 0.109375 0.0375
4 0.334375 0.6875 0.0203125 0.0125
5 0.38359375 0.0953125 0.1296875 0.0265625