6 0.62109375 0.22421875 0.10625 0.0453125
6 0.64296875 0.33828125 0.09375 0.04375
6 0.66484375 0.3953125 0.1015625 0.04375
6 0.571875 0.428125 0.1171875 0.05625
6 0.66015625 0.5515625 0.125 0.0453125
6 0.62265625 0.60859375 0.15625 0.0515625
6 0.5375 0.58125 0.1140625 0.0453125
6 0.47578125 0.671875 0.153125 0.0671875
6 0.4 0.53984375 0.109375 0.0515625
6 0.43671875 0.24765625 0.10625 0.040625
3 0.51796875 0.26640625 0.09375 0.04375
6 0.06796875 0.60234375 0.1359375 0.0578125
6 0.2734375 0.6640625 0.1296875 0.06875
5 0.4625 0.9640625 0.13125 0.071875
6 0.684375 0.31796875 0.1109375 0.0453125