4 0.3109375 0.60390625 0.0453125 0.0390625
6 0.30703125 0.7015625 0.140625 0.0765625
6 0.42421875 0.834375 0.128125 0.071875
6 0.490625 0.79296875 0.1375 0.078125
3 0.4671875 0.7046875 0.1421875 0.0796875
6 0.66484375 0.615625 0.18125 0.10625
6 0.4796875 0.5046875 0.1453125 0.075
6 0.3515625 0.6515625 0.1109375 0.065625
6 0.31953125 0.63359375 0.1109375 0.0609375
6 0.29609375 0.5703125 0.1015625 0.0578125
6 0.353125 0.54765625 0.134375 0.0890625
6 0.3765625 0.4578125 0.1375 0.0703125
6 0.5625 0.29296875 0.165625 0.090625
6 0.3109375 0.33359375 0.128125 0.071875
6 0.3796875 0.2671875 0.140625 0.0875
6 0.33125 0.246875 0.159375 0.0890625
6 0.3203125 0.215625 0.1625 0.096875
6 0.38125 0.08828125 0.153125 0.084375
6 0.37890625 0.034375 0.1640625 0.06875
6 0.575 0.08125 0.1921875 0.1078125