6 0.61953125 0.90625 0.115625 0.0390625
6 0.7546875 0.72578125 0.0953125 0.0953125
6 0.54140625 0.71875 0.05625 0.0578125
4 0.575 0.690625 0.0140625 0.0140625
3 0.64296875 0.66171875 0.1015625 0.0296875
6 0.559375 0.540625 0.0890625 0.0296875
6 0.68125 0.5078125 0.09375 0.028125
6 0.73125 0.4125 0.0875 0.0328125
6 0.6 0.48046875 0.09375 0.0171875
6 0.565625 0.5015625 0.075 0.0234375
6 0.54375 0.49609375 0.0453125 0.0453125
6 0.5703125 0.4625 0.0640625 0.0640625
6 0.55625 0.446875 0.0609375 0.0625
6 0.62109375 0.41328125 0.0578125 0.0578125
6 0.61640625 0.3640625 0.0578125 0.0578125
6 0.5859375 0.31640625 0.0703125 0.071875
6 0.60078125 0.28125 0.06875 0.0671875
6 0.62265625 0.2515625 0.0921875 0.025
5 0.56171875 0.265625 0.0515625 0.053125