6 0.55703125 0.71484375 0.0765625 0.1828125
6 0.34609375 0.675 0.078125 0.1828125
6 0.38984375 0.6015625 0.04375 0.115625
6 0.603125 0.4546875 0.071875 0.125
6 0.70078125 0.4953125 0.059375 0.140625
6 0.79765625 0.540625 0.0765625 0.1390625
3 0.865625 0.5046875 0.046875 0.1375
6 0.834375 0.38828125 0.059375 0.1046875
6 0.746875 0.346875 0.05 0.1109375
6 0.9234375 0.25859375 0.0609375 0.1484375
6 0.26875 0.5890625 0.078125 0.14375
6 0.22109375 0.625 0.0609375 0.13125
5 0.771875 0.24296875 0.065625 0.1234375