6 0.32734375 0.4 0.1109375 0.034375
6 0.3109375 0.20234375 0.0984375 0.0265625
6 0.534375 0.3015625 0.1109375 0.0375
6 0.61953125 0.62265625 0.1375 0.040625
6 0.309375 0.5609375 0.1078125 0.04375
6 0.21875 0.50234375 0.0765625 0.028125
6 0.228125 0.37265625 0.075 0.040625
6 0.20625 0.44765625 0.0859375 0.0359375
4 0.225 0.46484375 0.028125 0.0140625
6 0.4421875 0.64765625 0.1421875 0.040625
6 0.434375 0.67734375 0.1265625 0.0375
6 0.790625 0.6046875 0.1328125 0.0484375
3 0.36640625 0.30703125 0.0984375 0.0296875