6 0.3359375 0.24453125 0.1296875 0.0609375
6 0.31171875 0.32734375 0.134375 0.059375
6 0.184375 0.490625 0.134375 0.0578125
6 0.35234375 0.5359375 0.1140625 0.053125
6 0.50078125 0.45703125 0.1078125 0.0578125
6 0.465625 0.5609375 0.1109375 0.0546875
6 0.24921875 0.63125 0.1234375 0.0703125
6 0.584375 0.35078125 0.0984375 0.0546875
6 0.66171875 0.40078125 0.084375 0.0390625
6 0.75703125 0.3171875 0.0765625 0.0421875
6 0.41796875 0.0078125 0.1171875 0.015625
6 0.13203125 0.01328125 0.1078125 0.0265625
3 0.53359375 0.28125 0.0875 0.04375
3 0.07109375 0.6609375 0.1328125 0.0625
4 0.28828125 0.72734375 0.03125 0.0265625
5 0.4640625 0.94296875 0.0828125 0.0421875