6 0.58828125 0.3671875 0.190625 0.09375
6 0.69140625 0.5421875 0.1640625 0.06875
6 0.575 0.7421875 0.1609375 0.0640625
6 0.6484375 0.6328125 0.184375 0.0640625
6 0.53515625 0.61953125 0.13125 0.0609375
6 0.49375 0.55625 0.1203125 0.0421875
6 0.590625 0.5484375 0.1203125 0.053125
6 0.51796875 0.16484375 0.1828125 0.05
6 0.31484375 0.02109375 0.1703125 0.0421875
6 0.403125 0.2140625 0.1703125 0.065625
6 0.52578125 0.709375 0.159375 0.05625
5 0.26953125 0.16796875 0.14375 0.0578125
4 0.5796875 0.6359375 0.05 0.0296875