6 0.34140625 0.2859375 0.1453125 0.084375
6 0.4484375 0.45 0.1109375 0.05625
3 0.56328125 0.734375 0.1265625 0.0734375
6 0.5328125 0.43046875 0.109375 0.05
6 0.459375 0.690625 0.11875 0.0609375
6 0.59140625 0.53515625 0.1015625 0.053125
6 0.67890625 0.6515625 0.1109375 0.0453125
6 0.775 0.73828125 0.078125 0.0390625
6 0.63125 0.7515625 0.1171875 0.0515625
6 0.66015625 0.77578125 0.09375 0.0578125
6 0.42890625 0.96328125 0.15 0.0625
6 0.78828125 0.92109375 0.0984375 0.05625
3 0.92578125 0.8890625 0.0671875 0.0390625
5 0.61484375 0.2546875 0.040625 0.0390625