6 0.78125 0.81015625 0.09375 0.0375
6 0.1125 0.86796875 0.15625 0.034375
6 0.396875 0.86171875 0.125 0.040625
6 0.559375 0.6421875 0.0984375 0.0296875
6 0.45859375 0.459375 0.1125 0.0359375
6 0.45234375 0.40078125 0.13125 0.0375
6 0.55703125 0.86171875 0.115625 0.034375
6 0.59296875 0.85625 0.0984375 0.0328125
6 0.66875 0.828125 0.1015625 0.034375
6 0.66796875 0.48984375 0.090625 0.0375
6 0.72109375 0.36484375 0.0890625 0.025
6 0.80390625 0.35078125 0.075 0.025
6 0.70859375 0.29765625 0.0984375 0.025
6 0.81484375 0.8453125 0.06875 0.0234375
3 0.6046875 0.5984375 0.103125 0.0359375
4 0.7421875 0.40546875 0.0171875 0.0125
6 0.67421875 0.13046875 0.103125 0.034375