3 0.5859375 0.35078125 0.1390625 0.0453125
6 0.715625 0.45 0.096875 0.0296875
6 0.6703125 0.43984375 0.1046875 0.03125
6 0.5484375 0.30546875 0.121875 0.0375
6 0.37265625 0.21484375 0.1390625 0.0453125
6 0.6296875 0.54453125 0.10625 0.0375
6 0.6703125 0.61484375 0.1109375 0.0453125
6 0.62578125 0.73046875 0.1140625 0.0359375
6 0.609375 0.72421875 0.1 0.0390625
6 0.57109375 0.784375 0.1234375 0.040625
6 0.565625 0.8859375 0.0890625 0.04375
6 0.5171875 0.88671875 0.1078125 0.0515625
6 0.47421875 0.88515625 0.125 0.0609375
6 0.45546875 0.66640625 0.1265625 0.0390625
6 0.48515625 0.6125 0.1265625 0.034375
6 0.73125 0.13671875 0.0953125 0.0265625
4 0.6890625 0.14453125 0.0296875 0.025
6 0.55390625 0.0765625 0.134375 0.0453125
5 0.66484375 0.98359375 0.1328125 0.0328125
6 0.140625 0.51640625 0.1890625 0.0734375