5 0.41015625 0.64296875 0.0671875 0.1265625
6 0.90625 0.6265625 0.08125 0.153125
6 0.628125 0.09375 0.1265625 0.1671875
6 0.3109375 0.28671875 0.0765625 0.1375
6 0.47421875 0.28203125 0.0796875 0.1484375
6 0.4390625 0.3875 0.0640625 0.1015625
6 0.321875 0.38984375 0.078125 0.1453125
6 0.325 0.459375 0.053125 0.103125
4 0.35546875 0.41328125 0.0296875 0.053125
6 0.5234375 0.4390625 0.078125 0.1640625
6 0.59765625 0.62109375 0.0765625 0.1390625
6 0.70703125 0.7125 0.0859375 0.15625
6 0.89921875 0.80859375 0.0703125 0.1359375
3 0.7640625 0.4609375 0.09375 0.1703125
6 0.77890625 0.2765625 0.08125 0.1734375
6 0.7359375 0.28046875 0.090625 0.18125
6 0.421875 0.4953125 0.0828125 0.134375
6 0.48203125 0.46796875 0.059375 0.1359375