3 0.61953125 0.215625 0.1984375 0.0734375
6 0.30625 0.39296875 0.115625 0.053125
6 0.2078125 0.40703125 0.1359375 0.0703125
4 0.175 0.45078125 0.0921875 0.0296875
6 0.62578125 0.3328125 0.1546875 0.084375
6 0.78125 0.23671875 0.125 0.0578125
6 0.728125 0.33203125 0.1359375 0.0515625
6 0.7328125 0.3890625 0.1421875 0.05625
6 0.60625 0.4390625 0.134375 0.05
6 0.65546875 0.48125 0.1453125 0.053125
6 0.5109375 0.559375 0.146875 0.0578125
6 0.52734375 0.50859375 0.1546875 0.0703125
6 0.60234375 0.525 0.1265625 0.0578125
5 0.61015625 0.66015625 0.1546875 0.096875