6 0.06484375 0.51953125 0.065625 0.1375
6 0.0546875 0.740625 0.071875 0.159375
6 0.0796875 0.40234375 0.059375 0.103125
6 0.21484375 0.4109375 0.0609375 0.10625
6 0.33125 0.61015625 0.059375 0.115625
6 0.35234375 0.384375 0.0515625 0.0984375
3 0.303125 0.44765625 0.0484375 0.121875
6 0.40859375 0.3984375 0.05 0.1140625
6 0.4328125 0.28984375 0.04375 0.084375
6 0.58359375 0.759375 0.0453125 0.1203125
6 0.584375 0.48203125 0.06875 0.1171875
6 0.52578125 0.37421875 0.034375 0.0875
6 0.47109375 0.35 0.05 0.1078125
6 0.46171875 0.5046875 0.053125 0.109375
6 0.43984375 0.4828125 0.0359375 0.096875
6 0.67734375 0.64296875 0.05625 0.1140625
6 0.72109375 0.61015625 0.053125 0.1125
6 0.75703125 0.69140625 0.0609375 0.171875
5 0.9296875 0.5546875 0.0703125 0.1515625
6 0.503125 0.35859375 0.046875 0.0890625