4 0.4328125 0.3546875 0.046875 0.0375
6 0.48359375 0.53515625 0.1265625 0.0625
6 0.54453125 0.60078125 0.134375 0.0625
6 0.67734375 0.46328125 0.115625 0.05625
6 0.79375 0.42265625 0.1546875 0.078125
6 0.71015625 0.71015625 0.16875 0.0734375
6 0.4515625 0.425 0.1296875 0.075
6 0.4140625 0.40390625 0.1484375 0.0734375
6 0.3296875 0.35078125 0.103125 0.053125
6 0.27265625 0.28125 0.1125 0.05625
6 0.21796875 0.14140625 0.121875 0.0640625
6 0.4625 0.16484375 0.15625 0.084375
6 0.4109375 0.28125 0.128125 0.0671875
3 0.48125 0.0796875 0.175 0.0859375
3 0.12109375 0.1453125 0.0984375 0.0515625
5 0.4875 0.77109375 0.109375 0.065625