6 0.07734375 0.74375 0.034375 0.10625
6 0.16640625 0.5625 0.025 0.09375
6 0.29609375 0.47578125 0.0203125 0.053125
6 0.31484375 0.61875 0.021875 0.0859375
6 0.3609375 0.559375 0.0265625 0.075
6 0.36640625 0.5265625 0.028125 0.0703125
6 0.48984375 0.4359375 0.0265625 0.0453125
6 0.48671875 0.5609375 0.028125 0.065625
6 0.503125 0.49609375 0.0296875 0.0625
6 0.51484375 0.615625 0.01875 0.065625
6 0.453125 0.85703125 0.0453125 0.0953125
6 0.7953125 0.77109375 0.0265625 0.128125
6 0.58984375 0.5953125 0.0203125 0.1015625
6 0.671875 0.55078125 0.0390625 0.0953125
6 0.69140625 0.46484375 0.034375 0.0578125
6 0.784375 0.534375 0.0234375 0.1046875
6 0.85 0.61875 0.0296875 0.109375
4 0.6140625 0.57109375 0.015625 0.0265625
3 0.49921875 0.66640625 0.015625 0.0859375
6 0.4734375 0.69140625 0.0265625 0.065625
6 0.46796875 0.66640625 0.0140625 0.059375
3 0.49140625 0.9203125 0.025 0.103125