6 0.46484375 0.28671875 0.034375 0.134375
6 0.9515625 0.3125 0.053125 0.1390625
6 0.74140625 0.60859375 0.0296875 0.1109375
6 0.81875 0.58125 0.0234375 0.1109375
6 0.37265625 0.56484375 0.0375 0.096875
6 0.49765625 0.621875 0.040625 0.1
6 0.5546875 0.6078125 0.0375 0.103125
6 0.55859375 0.69453125 0.0375 0.09375
6 0.6140625 0.68671875 0.034375 0.090625
6 0.65703125 0.753125 0.034375 0.08125
6 0.6734375 0.70390625 0.025 0.075
6 0.24375 0.4734375 0.03125 0.109375
6 0.25625 0.55078125 0.0375 0.096875
6 0.2296875 0.5078125 0.0375 0.109375
4 0.6875 0.665625 0.0125 0.0203125
5 0.0953125 0.61640625 0.0265625 0.128125