5 0.49453125 0.85546875 0.0671875 0.05
6 0.50546875 0.7109375 0.1015625 0.0578125
6 0.78359375 0.74296875 0.1375 0.0765625
6 0.83515625 0.52421875 0.1859375 0.1046875
6 0.5796875 0.64140625 0.103125 0.0609375
6 0.51015625 0.64375 0.10625 0.0640625
3 0.578125 0.42734375 0.121875 0.0703125
6 0.571875 0.503125 0.125 0.0703125
6 0.4046875 0.365625 0.0984375 0.0546875
6 0.53359375 0.39609375 0.115625 0.05625
6 0.590625 0.3078125 0.1265625 0.06875
6 0.621875 0.21640625 0.134375 0.065625
6 0.515625 0.06953125 0.1359375 0.071875
6 0.35703125 0.12734375 0.125 0.0703125
6 0.2796875 0.22421875 0.075 0.05
3 0.2078125 0.25 0.0453125 0.0265625