6 0.0421875 0.6109375 0.0640625 0.1546875
6 0.11484375 0.53359375 0.03125 0.1421875
6 0.1359375 0.46015625 0.015625 0.1171875
6 0.21328125 0.32734375 0.0484375 0.1109375
6 0.415625 0.6046875 0.046875 0.1171875
6 0.6359375 0.65703125 0.0609375 0.234375
6 0.571875 0.85625 0.040625 0.1515625
6 0.49140625 0.4859375 0.05625 0.065625
6 0.49140625 0.4015625 0.028125 0.1234375
6 0.46640625 0.3921875 0.0265625 0.0984375
6 0.4171875 0.42578125 0.046875 0.1046875
6 0.384375 0.5078125 0.025 0.1140625
6 0.36484375 0.42578125 0.03125 0.1421875
6 0.328125 0.44609375 0.03125 0.1625
6 0.3203125 0.57265625 0.0375 0.0828125
3 0.32734375 0.67109375 0.0265625 0.1265625
6 0.96640625 0.60625 0.0375 0.1640625
5 0.62421875 0.41484375 0.0859375 0.1078125