6 0.1421875 0.89140625 0.1125 0.1125
6 0.57578125 0.80546875 0.10625 0.10625
6 0.4578125 0.7546875 0.0859375 0.15625
6 0.225 0.596875 0.08125 0.0796875
6 0.29921875 0.6171875 0.0640625 0.0640625
6 0.3203125 0.6328125 0.0484375 0.0921875
6 0.334375 0.615625 0.071875 0.0703125
6 0.38515625 0.6484375 0.08125 0.0796875
6 0.38203125 0.5671875 0.0546875 0.1015625
6 0.409375 0.6140625 0.046875 0.090625
6 0.44140625 0.609375 0.075 0.075
6 0.4734375 0.590625 0.0734375 0.075
6 0.4953125 0.6140625 0.0796875 0.0765625
6 0.58046875 0.6 0.071875 0.071875
5 0.52578125 0.5671875 0.0484375 0.096875
3 0.16796875 0.72109375 0.0796875 0.0796875