6 0.3484375 0.625 0.065625 0.1953125
6 0.5515625 0.61953125 0.0640625 0.2
6 0.60703125 0.453125 0.04375 0.1703125
6 0.7296875 0.4046875 0.034375 0.1421875
6 0.6953125 0.3125 0.0328125 0.128125
6 0.7953125 0.31953125 0.028125 0.1328125
6 0.5703125 0.384375 0.0328125 0.06875
6 0.36171875 0.36171875 0.053125 0.140625
6 0.3109375 0.3796875 0.0421875 0.1484375
6 0.20859375 0.38515625 0.0453125 0.1484375
5 0.5078125 0.396875 0.05625 0.08125
6 0.8859375 0.5796875 0.05 0.1734375
3 0.9484375 0.49375 0.06875 0.165625
6 0.96171875 0.4015625 0.0484375 0.096875