5 0.715625 0.82421875 0.0578125 0.125
4 0.35625 0.2515625 0.0203125 0.0328125
6 0.32265625 0.29609375 0.053125 0.115625
6 0.32421875 0.37578125 0.0609375 0.1
6 0.334375 0.40390625 0.0546875 0.0984375
6 0.365625 0.3046875 0.0640625 0.14375
6 0.403125 0.434375 0.071875 0.15
6 0.45703125 0.31328125 0.0890625 0.178125
6 0.52734375 0.4140625 0.084375 0.15625
6 0.621875 0.4921875 0.06875 0.1390625
6 0.72890625 0.6875 0.0640625 0.1234375
6 0.80859375 0.5640625 0.065625 0.1375
3 0.9140625 0.53671875 0.0625 0.140625
6 0.89453125 0.8390625 0.0640625 0.1375