6 0.5703125 0.23828125 0.065625 0.1578125
6 0.584375 0.44609375 0.05625 0.1296875
6 0.63671875 0.553125 0.059375 0.125
6 0.69609375 0.55390625 0.065625 0.121875
6 0.446875 0.60546875 0.0515625 0.0984375
6 0.228125 0.55 0.0609375 0.115625
6 0.209375 0.5 0.0453125 0.1125
6 0.17109375 0.571875 0.05 0.109375
5 0.5015625 0.60078125 0.0640625 0.1046875
6 0.54765625 0.56171875 0.0375 0.10625
6 0.0296875 0.5125 0.059375 0.125
6 0.01796875 0.62265625 0.0359375 0.1109375
6 0.0046875 0.5171875 0.009375 0.10625
4 0.58359375 0.5890625 0.0265625 0.0453125