6 0.525 0.92265625 0.121875 0.0640625
6 0.69765625 0.77734375 0.115625 0.1140625
6 0.49140625 0.72265625 0.0671875 0.06875
4 0.53046875 0.70234375 0.015625 0.015625
3 0.603125 0.68984375 0.10625 0.0515625
6 0.5484375 0.553125 0.0921875 0.05
6 0.675 0.5484375 0.0984375 0.0484375
6 0.7453125 0.46640625 0.0921875 0.0515625
6 0.6015625 0.503125 0.0953125 0.0375
6 0.56328125 0.51640625 0.078125 0.0390625
6 0.54375 0.50625 0.053125 0.0546875
6 0.5765625 0.47890625 0.078125 0.0765625
6 0.56640625 0.4609375 0.0734375 0.075
6 0.6375 0.44296875 0.06875 0.06875
6 0.64375 0.39375 0.06875 0.0703125
6 0.625 0.340625 0.0859375 0.0859375
6 0.64765625 0.309375 0.0828125 0.08125
6 0.67578125 0.28515625 0.0953125 0.0453125
5 0.6125 0.28515625 0.0625 0.0640625