5 0.44609375 0.44765625 0.0421875 0.1109375
3 0.159375 0.53203125 0.034375 0.1203125
3 0.871875 0.8640625 0.0484375 0.1359375
6 0.45 0.68203125 0.0484375 0.1421875
6 0.29609375 0.6390625 0.046875 0.1296875
6 0.33515625 0.58046875 0.03125 0.0875
6 0.578125 0.8546875 0.0421875 0.1421875
6 0.63203125 0.7625 0.0546875 0.1421875
6 0.725 0.78828125 0.0671875 0.1328125
6 0.2328125 0.4703125 0.0453125 0.1203125
6 0.21875 0.42734375 0.025 0.090625
6 0.4546875 0.55546875 0.065625 0.09375
6 0.396875 0.50625 0.04375 0.0875
6 0.3625 0.471875 0.0625 0.0984375
6 0.31328125 0.484375 0.0375 0.1296875