6 0.521875 0.14765625 0.15 0.071875
6 0.653125 0.21796875 0.146875 0.053125
6 0.36640625 0.225 0.178125 0.0765625
6 0.55234375 0.5296875 0.1578125 0.0703125
6 0.85390625 0.46015625 0.1140625 0.0484375
6 0.9234375 0.6625 0.0984375 0.0484375
6 0.8671875 0.68125 0.1265625 0.0671875
6 0.8375 0.98203125 0.121875 0.0359375
3 0.50859375 0.9 0.1234375 0.053125
6 0.30234375 0.853125 0.1171875 0.0578125
4 0.27265625 0.821875 0.0375 0.0234375
6 0.37578125 0.81015625 0.1265625 0.059375
6 0.3 0.7953125 0.1640625 0.071875
6 0.3921875 0.746875 0.1390625 0.0640625
6 0.34453125 0.57890625 0.1546875 0.08125
5 0.171875 0.48515625 0.1546875 0.10625