6 0.9234375 0.29765625 0.0828125 0.1296875
6 0.96015625 0.39140625 0.0734375 0.11875
6 0.98828125 0.61171875 0.0234375 0.1234375
6 0.77734375 0.35078125 0.075 0.1171875
6 0.74765625 0.5375 0.0875 0.1359375
6 0.43828125 0.4875 0.075 0.1125
6 0.4921875 0.70625 0.075 0.125
6 0.34375 0.64765625 0.09375 0.1609375
6 0.33515625 0.75 0.1046875 0.1609375
6 0.4546875 0.40859375 0.06875 0.1015625
6 0.5125 0.3359375 0.078125 0.1171875
6 0.54453125 0.29453125 0.0546875 0.0859375
6 0.59453125 0.43515625 0.0578125 0.0890625
5 0.1359375 0.6515625 0.1078125 0.1578125
3 0.709375 0.41328125 0.0921875 0.125
4 0.478125 0.7421875 0.0484375 0.0765625
6 0.4890625 0.36484375 0.0703125 0.1046875
6 0.41015625 0.6546875 0.0734375 0.1140625
6 0.51875 0.75078125 0.071875 0.1171875