6 0.36171875 0.565625 0.0296875 0.15625
6 0.2640625 0.71484375 0.05625 0.1859375
6 0.1875 0.7796875 0.0734375 0.178125
6 0.58203125 0.63125 0.025 0.1484375
6 0.60390625 0.60078125 0.0265625 0.15
6 0.63671875 0.634375 0.0515625 0.14375
6 0.60546875 0.49296875 0.0203125 0.115625
6 0.62734375 0.47578125 0.0359375 0.134375
6 0.66328125 0.48984375 0.04375 0.14375
6 0.46640625 0.4953125 0.0328125 0.10625
6 0.459375 0.58125 0.0484375 0.1453125
6 0.40546875 0.53828125 0.0296875 0.15
6 0.36171875 0.56328125 0.0390625 0.1671875
5 0.328125 0.66875 0.05625 0.1296875
3 0.53671875 0.73515625 0.05625 0.1703125
4 0.08359375 0.55546875 0.0125 0.0296875