6 0.3484375 0.375 0.0625 0.19375
6 0.5515625 0.38046875 0.0640625 0.2
6 0.60703125 0.546875 0.04375 0.1703125
6 0.7296875 0.5953125 0.034375 0.1421875
6 0.6953125 0.6875 0.03125 0.128125
6 0.7953125 0.68046875 0.028125 0.1328125
6 0.5703125 0.615625 0.0328125 0.0671875
6 0.36171875 0.63828125 0.053125 0.140625
6 0.3109375 0.6203125 0.0421875 0.1484375
6 0.20859375 0.61484375 0.0453125 0.1484375
5 0.5078125 0.603125 0.0546875 0.08125
6 0.8859375 0.4203125 0.05 0.1734375
3 0.9484375 0.50625 0.06875 0.165625
6 0.96171875 0.5984375 0.046875 0.096875