3 0.6078125 0.309375 0.15625 0.0828125
6 0.48515625 0.05078125 0.2109375 0.1015625
6 0.34765625 0.04140625 0.134375 0.0640625
6 0.2625 0.18515625 0.1765625 0.0734375
6 0.3640625 0.28984375 0.1578125 0.078125
6 0.38359375 0.34921875 0.15 0.0640625
6 0.4453125 0.3828125 0.103125 0.0515625
6 0.3578125 0.39765625 0.10625 0.04375
6 0.47109375 0.528125 0.1140625 0.075
6 0.57265625 0.45859375 0.140625 0.078125
6 0.73984375 0.5640625 0.1671875 0.103125
6 0.66796875 0.74375 0.15 0.0671875
6 0.66953125 0.7984375 0.1390625 0.0765625
6 0.4734375 0.43671875 0.1421875 0.0546875
6 0.44140625 0.4828125 0.1671875 0.0703125
5 0.484375 0.60390625 0.1375 0.065625