3 0.6703125 0.4734375 0.0703125 0.140625
6 0.62421875 0.3171875 0.046875 0.096875
6 0.6171875 0.36328125 0.05 0.1046875
6 0.6984375 0.52421875 0.0578125 0.121875
6 0.7203125 0.72109375 0.06875 0.140625
6 0.5046875 0.36328125 0.0546875 0.10625
6 0.45390625 0.3 0.065625 0.1125
6 0.3296875 0.3 0.05625 0.115625
6 0.3296875 0.3171875 0.05625 0.1015625
6 0.259375 0.33203125 0.0609375 0.1234375
6 0.16328125 0.3 0.05625 0.090625
6 0.1453125 0.3453125 0.06875 0.1125
6 0.13125 0.3859375 0.08125 0.1296875
6 0.32890625 0.48203125 0.0609375 0.128125
6 0.38984375 0.4734375 0.05625 0.1265625
6 0.921875 0.41484375 0.04375 0.0953125
4 0.89921875 0.45078125 0.028125 0.0328125
6 0.91484375 0.6015625 0.06875 0.1359375
5 0.10234375 0.17109375 0.0671875 0.134375
6 0.35625 0.8296875 0.10625 0.19375