4 0.4015625 0.37109375 0.0296875 0.046875
6 0.3859375 0.296875 0.065625 0.2359375
6 0.340625 0.73984375 0.0765625 0.1984375
6 0.48125 0.50078125 0.0640625 0.159375
6 0.5484375 0.29921875 0.065625 0.14375
3 0.71171875 0.4640625 0.0671875 0.153125
3 0.840625 0.378125 0.0703125 0.1515625
3 0.878125 0.29609375 0.0515625 0.10625
3 0.909375 0.515625 0.0625 0.1609375
3 0.89609375 0.7890625 0.0734375 0.203125
3 0.40390625 0.48828125 0.0828125 0.153125
3 0.984375 0.38359375 0.03125 0.1109375
3 0.975 0.35390625 0.05 0.1265625