6 0.11953125 0.85546875 0.0578125 0.1421875
6 0.53828125 0.809375 0.046875 0.13125
6 0.43046875 0.75234375 0.06875 0.146875
6 0.22265625 0.5828125 0.05 0.090625
6 0.29140625 0.6078125 0.028125 0.0828125
6 0.3109375 0.62421875 0.034375 0.0859375
6 0.32578125 0.609375 0.040625 0.0875
6 0.3703125 0.64453125 0.0390625 0.096875
6 0.375 0.5671875 0.0359375 0.0921875
6 0.39609375 0.61484375 0.0390625 0.0859375
6 0.42734375 0.6125 0.03125 0.1015625
6 0.459375 0.59765625 0.028125 0.103125
6 0.478125 0.62109375 0.0359375 0.0953125
6 0.56015625 0.615625 0.0328125 0.0953125
5 0.5109375 0.57890625 0.0359375 0.0921875
3 0.15859375 0.6953125 0.0390625 0.0984375