6 0.36640625 0.575 0.040625 0.1578125
6 0.2796875 0.73046875 0.06875 0.1890625
6 0.2078125 0.80078125 0.0859375 0.1828125
6 0.590625 0.625 0.0359375 0.15
6 0.6109375 0.59296875 0.0375 0.1515625
6 0.64609375 0.62421875 0.0609375 0.146875
6 0.6046875 0.4859375 0.028125 0.1171875
6 0.625 0.4671875 0.0453125 0.1359375
6 0.6625 0.478125 0.053125 0.146875
6 0.46640625 0.49765625 0.040625 0.1078125
6 0.46484375 0.58359375 0.059375 0.146875
6 0.40859375 0.54453125 0.040625 0.1515625
6 0.36640625 0.57265625 0.05 0.16875
5 0.340625 0.68046875 0.065625 0.134375
3 0.553125 0.73203125 0.06875 0.1734375
4 0.08828125 0.584375 0.0140625 0.03125