4 0.27734375 0.35546875 0.040625 0.03125
5 0.38359375 0.3984375 0.1125 0.065625
6 0.309375 0.4546875 0.134375 0.0625
6 0.221875 0.51015625 0.184375 0.0875
6 0.33828125 0.5578125 0.1703125 0.0765625
6 0.3859375 0.575 0.1796875 0.078125
6 0.38125 0.60625 0.15 0.0671875
6 0.36171875 0.753125 0.165625 0.1015625
3 0.13984375 0.625 0.2078125 0.09375
6 0.521875 0.88359375 0.1328125 0.06875
6 0.45859375 0.91953125 0.1796875 0.0765625
6 0.54609375 0.9609375 0.1453125 0.078125
6 0.43359375 0.965625 0.1515625 0.06875