6 0.76796875 0.8765625 0.134375 0.0828125
6 0.62890625 0.596875 0.1171875 0.071875
6 0.5875 0.51875 0.1234375 0.0703125
6 0.55390625 0.71875 0.109375 0.0640625
6 0.46796875 0.69453125 0.096875 0.05625
3 0.4765625 0.61328125 0.1078125 0.0625
6 0.3375 0.63359375 0.0984375 0.0609375
6 0.2453125 0.52578125 0.08125 0.0484375
6 0.28671875 0.61328125 0.08125 0.05
6 0.55625 0.2578125 0.13125 0.075
6 0.275 0.36484375 0.0875 0.0515625
6 0.47578125 0.109375 0.146875 0.0859375
6 0.11875 0.18046875 0.0875 0.071875
4 0.3109375 0.38203125 0.0265625 0.025