6 0.11640625 0.665625 0.0484375 0.20625
6 0.365625 0.43828125 0.0390625 0.1546875
6 0.12890625 0.29375 0.0296875 0.1109375
6 0.09140625 0.1953125 0.0375 0.11875
6 0.2859375 0.159375 0.0296875 0.096875
6 0.1625 0.165625 0.028125 0.1
6 0.5796875 0.146875 0.028125 0.071875
6 0.5078125 0.3953125 0.0359375 0.1703125
6 0.60625 0.4140625 0.04375 0.15625
6 0.61953125 0.3515625 0.0328125 0.134375
6 0.534375 0.353125 0.034375 0.1359375
6 0.4921875 0.21171875 0.03125 0.1015625
6 0.3640625 0.27421875 0.0375 0.115625
6 0.3828125 0.165625 0.0296875 0.0953125
3 0.3484375 0.190625 0.021875 0.084375
4 0.5828125 0.18671875 0.0125 0.0296875