6 0.8296875 0.45234375 0.0796875 0.1296875
6 0.6875 0.49140625 0.06875 0.1296875
6 0.7078125 0.46875 0.0671875 0.1046875
6 0.63671875 0.4984375 0.078125 0.15
6 0.55546875 0.44921875 0.0625 0.10625
5 0.52734375 0.3921875 0.059375 0.0859375
6 0.40546875 0.440625 0.05625 0.096875
6 0.5 0.5859375 0.0828125 0.146875
6 0.421875 0.55234375 0.0953125 0.1328125
6 0.328125 0.459375 0.0625 0.1
6 0.2484375 0.5328125 0.059375 0.1203125
6 0.275 0.45859375 0.0546875 0.1078125
3 0.39140625 0.66640625 0.096875 0.1515625
6 0.1125 0.52421875 0.0703125 0.121875
6 0.06953125 0.509375 0.05625 0.1125
4 0.79453125 0.484375 0.0296875 0.0359375