6 0.68125 0.2890625 0.15 0.0921875
6 0.44140625 0.31328125 0.18125 0.1140625
3 0.6484375 0.390625 0.13125 0.0734375
6 0.73046875 0.38203125 0.1375 0.0890625
6 0.74921875 0.48671875 0.1046875 0.0671875
6 0.69921875 0.471875 0.1 0.0828125
6 0.7359375 0.56640625 0.1109375 0.0859375
6 0.671875 0.58125 0.1296875 0.0890625
6 0.6640625 0.5328125 0.1234375 0.0734375
6 0.553125 0.63203125 0.13125 0.0671875
6 0.53046875 0.55625 0.134375 0.0734375
6 0.30625 0.5984375 0.1671875 0.0984375
6 0.11796875 0.78828125 0.1765625 0.1015625
6 0.296875 0.8859375 0.1640625 0.09375
6 0.26796875 0.93203125 0.1625 0.0859375
6 0.4203125 0.821875 0.15 0.09375
6 0.45703125 0.8203125 0.1109375 0.06875
6 0.43359375 0.75703125 0.1515625 0.0875
6 0.521875 0.75546875 0.1375 0.0828125