6 0.1640625 0.98515625 0.121875 0.0296875
6 0.275 0.93046875 0.134375 0.034375
3 0.43984375 0.67109375 0.1015625 0.03125
6 0.64609375 0.578125 0.115625 0.0375
6 0.196875 0.60546875 0.1125 0.046875
6 0.353125 0.240625 0.1125 0.034375
6 0.37578125 0.37890625 0.11875 0.0375
6 0.40078125 0.428125 0.13125 0.046875
6 0.53359375 0.49296875 0.14375 0.040625
6 0.58984375 0.42265625 0.128125 0.028125
6 0.665625 0.36015625 0.125 0.040625
6 0.5515625 0.390625 0.11875 0.04375
4 0.659375 0.41328125 0.0375 0.03125
6 0.49140625 0.28359375 0.15625 0.046875
6 0.56640625 0.178125 0.159375 0.04375
6 0.6265625 0.2359375 0.125 0.040625