5 0.54140625 0.47109375 0.06875 0.0671875
6 0.33984375 0.4703125 0.1625 0.090625
6 0.49453125 0.5453125 0.134375 0.0578125
6 0.5359375 0.5859375 0.146875 0.075
4 0.5875 0.53359375 0.053125 0.0328125
6 0.35390625 0.70234375 0.175 0.078125
6 0.28046875 0.8765625 0.1859375 0.09375
6 0.63125 0.83125 0.1359375 0.075
6 0.690625 0.8328125 0.1265625 0.0765625
6 0.6859375 0.91328125 0.1296875 0.090625
6 0.6296875 0.8953125 0.0953125 0.053125
6 0.56953125 0.9625 0.1421875 0.075
6 0.5953125 0.86015625 0.0578125 0.0671875