6 0.57265625 0.74921875 0.125 0.05625
6 0.496875 0.63125 0.1078125 0.053125
6 0.61015625 0.640625 0.1140625 0.0546875
6 0.7234375 0.5921875 0.1265625 0.059375
6 0.65234375 0.6265625 0.115625 0.0453125
6 0.54296875 0.88828125 0.134375 0.06875
6 0.52265625 0.95390625 0.10625 0.05625
6 0.36015625 0.8921875 0.096875 0.0453125
6 0.42109375 0.803125 0.096875 0.0421875
6 0.459375 0.88125 0.0796875 0.0359375
6 0.6078125 0.7453125 0.1171875 0.0515625
6 0.41796875 0.84921875 0.09375 0.0359375
6 0.4890625 0.85703125 0.0859375 0.046875
3 0.40078125 0.725 0.10625 0.05625
4 0.55234375 0.56328125 0.0234375 0.015625
5 0.5125 0.2421875 0.1046875 0.04375