6 0.49375 0.765625 0.0578125 0.1484375
6 0.1828125 0.54921875 0.025 0.1109375
6 0.2390625 0.346875 0.0328125 0.0953125
6 0.265625 0.2640625 0.03125 0.084375
6 0.325 0.2390625 0.0234375 0.078125
6 0.425 0.31171875 0.03125 0.0984375
6 0.3484375 0.253125 0.0265625 0.1046875
6 0.509375 0.45859375 0.040625 0.1265625
6 0.55546875 0.45234375 0.034375 0.1328125
6 0.50078125 0.6109375 0.04375 0.1046875
5 0.98125 0.38515625 0.03125 0.1125
4 0.4390625 0.2671875 0.0140625 0.025
3 0.13359375 0.390625 0.0375 0.1078125