6 0.75625 0.0296875 0.0875 0.059375
6 0.77578125 0.228125 0.0921875 0.1578125
6 0.61953125 0.1578125 0.1 0.2140625
6 0.4859375 0.17109375 0.071875 0.1296875
6 0.48828125 0.32578125 0.0578125 0.10625
6 0.43515625 0.29453125 0.05625 0.10625
6 0.3625 0.35625 0.0796875 0.1171875
6 0.33046875 0.38828125 0.0796875 0.1375
6 0.42578125 0.44765625 0.06875 0.1203125
6 0.5328125 0.4703125 0.08125 0.1359375
6 0.7828125 0.440625 0.0625 0.10625
5 0.375 0.5515625 0.065625 0.109375
6 0.53203125 0.5203125 0.0453125 0.096875