4 0.83203125 0.434375 0.0171875 0.0234375
6 0.809375 0.4859375 0.04375 0.1046875
6 0.79140625 0.48359375 0.0453125 0.1109375
6 0.6828125 0.44375 0.0625 0.121875
6 0.6359375 0.421875 0.0578125 0.134375
6 0.553125 0.26328125 0.0671875 0.153125
6 0.41875 0.48203125 0.0609375 0.128125
6 0.36640625 0.43359375 0.06875 0.1484375
6 0.334375 0.3390625 0.065625 0.1453125
3 0.16484375 0.3546875 0.0546875 0.13125
6 0.16328125 0.44921875 0.05625 0.1203125
6 0.21171875 0.534375 0.0546875 0.125
5 0.14765625 0.62421875 0.0390625 0.0953125
6 0.0171875 0.56796875 0.034375 0.1140625