6 0.03125 0.57265625 0.0625 0.1765625
6 0.10078125 0.51796875 0.075 0.178125
6 0.1234375 0.43515625 0.0421875 0.0984375
6 0.22109375 0.31875 0.0703125 0.1359375
6 0.28984375 0.42265625 0.0484375 0.1328125
6 0.55703125 0.84765625 0.0734375 0.2046875
6 0.678125 0.6984375 0.090625 0.2328125
6 0.490625 0.51796875 0.0890625 0.09375
6 0.46875 0.41328125 0.05 0.1203125
6 0.42890625 0.4 0.05625 0.1296875
6 0.37734375 0.40546875 0.028125 0.125
6 0.33984375 0.42734375 0.0484375 0.1265625
6 0.30859375 0.575 0.075 0.071875
3 0.3328125 0.65703125 0.05625 0.1484375
5 0.6 0.4203125 0.0890625 0.1015625
6 0.96015625 0.63359375 0.0734375 0.1765625