4 0.47578125 0.4703125 0.025 0.015625
6 0.4734375 0.52734375 0.09375 0.04375
6 0.45390625 0.603125 0.096875 0.0328125
6 0.54921875 0.58828125 0.08125 0.025
6 0.64453125 0.56484375 0.0640625 0.0203125
6 0.39609375 0.7046875 0.096875 0.0453125
6 0.21875 0.778125 0.140625 0.05625
3 0.42109375 0.971875 0.103125 0.0296875
6 0.421875 0.775 0.1046875 0.028125
6 0.4484375 0.7859375 0.10625 0.0234375
6 0.578125 0.78359375 0.0796875 0.025
6 0.6375 0.8265625 0.0734375 0.0171875
6 0.69765625 0.63828125 0.046875 0.015625
6 0.70625 0.421875 0.0375 0.0125
6 0.39765625 0.9890625 0.115625 0.021875