6 0.2015625 0.5359375 0.03125 0.078125
6 0.209375 0.80703125 0.046875 0.121875
6 0.31796875 0.61640625 0.0390625 0.0703125
6 0.33359375 0.7 0.0359375 0.0828125
6 0.3953125 0.53359375 0.0359375 0.0859375
6 0.33671875 0.446875 0.03125 0.0828125
6 0.41640625 0.5109375 0.0359375 0.06875
6 0.59375 0.4625 0.0296875 0.0671875
6 0.65078125 0.528125 0.0328125 0.0703125
6 0.53203125 0.634375 0.0375 0.1328125
3 0.5 0.621875 0.025 0.090625
6 0.48359375 0.52265625 0.028125 0.0796875
6 0.496875 0.4125 0.021875 0.0453125
6 0.7046875 0.6 0.046875 0.096875
6 0.7140625 0.5296875 0.025 0.0890625
6 0.77578125 0.4359375 0.0421875 0.065625
6 0.81171875 0.7671875 0.059375 0.1578125
3 0.5921875 0.93671875 0.0515625 0.125