3 0.93125 0.58515625 0.0640625 0.065625
6 0.6671875 0.61953125 0.0796875 0.078125
6 0.77109375 0.64609375 0.0515625 0.0484375
4 0.76796875 0.68671875 0.025 0.025
5 0.83515625 0.7796875 0.096875 0.096875
6 0.38984375 0.69609375 0.08125 0.08125
6 0.303125 0.90234375 0.0921875 0.09375
6 0.23359375 0.7828125 0.05625 0.115625
3 0.24375 0.5359375 0.053125 0.053125
6 0.21640625 0.55078125 0.021875 0.0828125
6 0.33125 0.44921875 0.0625 0.0625
6 0.46171875 0.3921875 0.0390625 0.0390625
6 0.3 0.271875 0.034375 0.0359375
6 0.40390625 0.253125 0.0515625 0.053125
6 0.62578125 0.33828125 0.0484375 0.0484375
6 0.56875 0.35234375 0.0578125 0.0578125
5 0.74453125 0.23046875 0.0296875 0.075
6 0.071875 0.40546875 0.0375 0.06875
6 0.1 0.4984375 0.071875 0.0734375
6 0.10703125 0.58671875 0.0578125 0.0578125
6 0.05390625 0.6765625 0.065625 0.065625
6 0.05078125 0.8125 0.0875 0.0875