5 0.3921875 0.41328125 0.0546875 0.15
4 0.415625 0.40859375 0.0265625 0.0453125
6 0.3125 0.7359375 0.0953125 0.1828125
6 0.3953125 0.5421875 0.0484375 0.15
6 0.42734375 0.56953125 0.05625 0.153125
6 0.43984375 0.47578125 0.0515625 0.14375
6 0.60703125 0.4828125 0.065625 0.1296875
6 0.68046875 0.6453125 0.0515625 0.1515625
6 0.775 0.91015625 0.1171875 0.1296875
6 0.86796875 0.57734375 0.0640625 0.1734375
6 0.934375 0.38984375 0.0671875 0.1765625
3 0.81484375 0.58203125 0.059375 0.153125
6 0.80390625 0.5015625 0.0421875 0.0515625
6 0.78515625 0.478125 0.0296875 0.090625
6 0.7671875 0.4703125 0.04375 0.13125
6 0.709375 0.384375 0.040625 0.13125
6 0.66015625 0.36171875 0.0546875 0.1203125
6 0.66953125 0.47421875 0.05 0.1765625