6 0.5828125 0.03984375 0.10625 0.0796875
3 0.54921875 0.0703125 0.165625 0.090625
3 0.52109375 0.125 0.1859375 0.1078125
3 0.46953125 0.22421875 0.1265625 0.1265625
3 0.21640625 0.328125 0.234375 0.1453125
3 0.3703125 0.43046875 0.115625 0.115625
3 0.35 0.64921875 0.134375 0.1359375
3 0.4421875 0.61328125 0.13125 0.0515625
3 0.45390625 0.53046875 0.115625 0.115625
3 0.47578125 0.4765625 0.153125 0.090625
3 0.5125 0.359375 0.140625 0.0859375
3 0.4375 0.41171875 0.1 0.1
3 0.534375 0.4015625 0.1296875 0.071875