6 0.11875 0.35234375 0.0234375 0.115625
6 0.0328125 0.434375 0.0234375 0.128125
6 0.265625 0.41328125 0.0296875 0.134375
6 0.35390625 0.434375 0.0328125 0.125
6 0.34765625 0.30078125 0.0296875 0.096875
6 0.39140625 0.30234375 0.0265625 0.115625
6 0.19765625 0.66953125 0.040625 0.1609375
6 0.52421875 0.3734375 0.0296875 0.11875
6 0.54140625 0.2484375 0.0234375 0.0984375
6 0.56015625 0.240625 0.0359375 0.1015625
6 0.721875 0.29453125 0.0328125 0.11875
6 0.78984375 0.3453125 0.0296875 0.10625
6 0.85234375 0.42578125 0.028125 0.1390625
6 0.8421875 0.5671875 0.0421875 0.134375
6 0.928125 0.64375 0.0390625 0.165625