6 0.45703125 0.46015625 0.0671875 0.1109375
3 0.80234375 0.7171875 0.090625 0.15625
5 0.365625 0.35859375 0.0734375 0.1171875
6 0.31640625 0.53515625 0.084375 0.146875
6 0.5015625 0.63984375 0.078125 0.134375
6 0.75703125 0.73203125 0.0890625 0.153125
6 0.64296875 0.45234375 0.0703125 0.121875
3 0.58203125 0.28515625 0.0609375 0.090625
6 0.67578125 0.61640625 0.0890625 0.15625
6 0.36875 0.48046875 0.06875 0.1203125
6 0.55859375 0.48203125 0.065625 0.1125
6 0.56953125 0.43984375 0.053125 0.090625