6 0.29375 0.80390625 0.125 0.190625
6 0.63046875 0.66484375 0.1125 0.18125
3 0.69765625 0.578125 0.1046875 0.1796875
6 0.9453125 0.60625 0.109375 0.225
6 0.9578125 0.76953125 0.084375 0.1578125
6 0.84375 0.275 0.0953125 0.15
6 0.5859375 0.46015625 0.1109375 0.1859375
6 0.62734375 0.44453125 0.0828125 0.1453125
6 0.7625 0.43515625 0.075 0.15625
6 0.72890625 0.41171875 0.08125 0.165625
6 0.459375 0.51875 0.1 0.18125
6 0.39140625 0.603125 0.084375 0.153125
6 0.42421875 0.60859375 0.075 0.1421875
6 0.42421875 0.5609375 0.096875 0.14375
5 0.3609375 0.47890625 0.08125 0.1328125
6 0.609375 0.340625 0.0828125 0.1265625