6 0.15859375 0.89296875 0.0703125 0.1421875
6 0.5703125 0.80390625 0.059375 0.13125
6 0.4578125 0.7578125 0.08125 0.1484375
6 0.2328125 0.6109375 0.0578125 0.0921875
6 0.30390625 0.6296875 0.0359375 0.0828125
6 0.325 0.64296875 0.0421875 0.0859375
6 0.33828125 0.6265625 0.0484375 0.0890625
6 0.3859375 0.6578125 0.0484375 0.096875
6 0.38203125 0.5796875 0.0453125 0.09375
6 0.40859375 0.625 0.046875 0.0859375
6 0.43984375 0.61953125 0.0421875 0.1015625
6 0.46953125 0.60078125 0.0390625 0.103125
6 0.490625 0.62265625 0.0453125 0.096875
6 0.571875 0.60859375 0.0421875 0.0953125
5 0.51875 0.57734375 0.0453125 0.0921875
3 0.18046875 0.73046875 0.0484375 0.0984375