6 0.31484375 0.66015625 0.1125 0.05
3 0.39140625 0.746875 0.1296875 0.05
6 0.32109375 0.9015625 0.1328125 0.0453125
6 0.621875 0.81875 0.159375 0.0515625
6 0.4421875 0.65078125 0.1078125 0.0375
6 0.325 0.60390625 0.115625 0.040625
6 0.26953125 0.51015625 0.0890625 0.0359375
6 0.375 0.5078125 0.11875 0.046875
6 0.24921875 0.41640625 0.0984375 0.0390625
6 0.3203125 0.33203125 0.0953125 0.0359375
6 0.38046875 0.2484375 0.1140625 0.0375
6 0.45546875 0.18515625 0.146875 0.05
6 0.603125 0.17109375 0.159375 0.05625
6 0.66171875 0.096875 0.1703125 0.0515625