6 0.9 0.10859375 0.153125 0.0546875
6 0.6125 0.11015625 0.140625 0.034375
6 0.50703125 0.334375 0.11875 0.0578125
6 0.5 0.47734375 0.10625 0.0625
6 0.5296875 0.8671875 0.1578125 0.0515625
6 0.76875 0.95078125 0.14375 0.040625
6 0.378125 0.9359375 0.121875 0.040625
6 0.2546875 0.75546875 0.0859375 0.028125
6 0.23359375 0.70078125 0.0890625 0.025
6 0.19140625 0.603125 0.0890625 0.025
4 0.24609375 0.64765625 0.01875 0.0171875
6 0.23359375 0.5140625 0.0828125 0.03125
6 0.28125 0.4046875 0.0953125 0.034375
6 0.38984375 0.36875 0.0890625 0.034375
3 0.39609375 0.309375 0.1078125 0.0296875
6 0.421875 0.1359375 0.1140625 0.0390625
6 0.384375 0.18125 0.0890625 0.0359375
6 0.30390625 0.1578125 0.0984375 0.028125
6 0.23203125 0.18203125 0.084375 0.021875
6 0.20546875 0.18984375 0.0734375 0.0203125
3 0.2015625 0.17109375 0.05625 0.0140625