4 0.2859375 0.525 0.0390625 0.0296875
6 0.24609375 0.61484375 0.1390625 0.0359375
6 0.3046875 0.78203125 0.1265625 0.0359375
6 0.38203125 0.76796875 0.1359375 0.0390625
3 0.39296875 0.67734375 0.140625 0.0390625
6 0.61015625 0.66875 0.1765625 0.05625
6 0.47890625 0.496875 0.1453125 0.0328125
6 0.30546875 0.584375 0.1078125 0.034375
6 0.28203125 0.55625 0.1109375 0.028125
6 0.284375 0.48828125 0.1 0.028125
6 0.34609375 0.4890625 0.1265625 0.0546875
6 0.4015625 0.41484375 0.1390625 0.0296875
6 0.6359375 0.33125 0.1640625 0.04375
6 0.38671875 0.275 0.1265625 0.0359375
6 0.47578125 0.2390625 0.1359375 0.0484375
6 0.43828125 0.20234375 0.1578125 0.0421875
6 0.440625 0.16875 0.1578125 0.0515625
6 0.54375 0.07421875 0.1515625 0.0390625
6 0.5640625 0.01640625 0.165625 0.0328125
6 0.7265625 0.13984375 0.1890625 0.053125