6 0.38203125 0.3546875 0.1421875 0.0390625
6 0.3328125 0.3046875 0.128125 0.0484375
6 0.5015625 0.6796875 0.109375 0.0390625
6 0.3609375 0.70078125 0.14375 0.0421875
6 0.33671875 0.653125 0.128125 0.040625
6 0.971875 0.24296875 0.05625 0.0421875
3 0.33359375 0.1765625 0.1328125 0.0421875
6 0.60390625 0.50546875 0.153125 0.0390625
6 0.68515625 0.3140625 0.1703125 0.05625
6 0.67734375 0.4109375 0.153125 0.034375
6 0.5796875 0.425 0.10625 0.0359375
5 0.7859375 0.590625 0.1546875 0.05
6 0.61640625 0.275 0.1515625 0.0421875
6 0.98203125 0.1734375 0.0359375 0.046875
6 0.6484375 0.4578125 0.09375 0.028125
6 0.60390625 0.66484375 0.1609375 0.0453125