4 0.5484375 0.55390625 0.0140625 0.01875
6 0.6515625 0.496875 0.034375 0.1078125
6 0.73046875 0.59296875 0.034375 0.1265625
6 0.7734375 0.6265625 0.0375 0.1171875
6 0.8453125 0.57265625 0.034375 0.1171875
6 0.921875 0.56484375 0.040625 0.1171875
6 0.971875 0.48203125 0.0328125 0.1015625
6 0.56328125 0.7578125 0.040625 0.13125
6 0.61171875 0.6515625 0.034375 0.13125
6 0.62421875 0.609375 0.0375 0.1296875
6 0.84765625 0.515625 0.03125 0.071875
6 0.90625 0.38984375 0.03125 0.1078125
6 0.8015625 0.45 0.0296875 0.1015625
6 0.88125 0.44609375 0.034375 0.1125
6 0.859375 0.434375 0.0265625 0.1
6 0.85390625 0.41484375 0.03125 0.1203125
3 0.7078125 0.403125 0.0421875 0.1
5 0.22890625 0.48203125 0.034375 0.121875