6 0.49765625 0.23046875 0.06875 0.0421875
6 0.52890625 0.23203125 0.046875 0.034375
6 0.453125 0.27265625 0.0609375 0.0359375
6 0.4515625 0.2953125 0.05625 0.0375
6 0.384375 0.4265625 0.078125 0.0484375
6 0.70234375 0.39765625 0.0453125 0.0375
6 0.696875 0.4640625 0.0484375 0.040625
3 0.56640625 0.509375 0.0546875 0.03125
6 0.46875 0.60390625 0.0765625 0.046875
6 0.09140625 0.690625 0.1140625 0.0890625
6 0.27890625 0.690625 0.1140625 0.090625
6 0.4609375 0.72890625 0.06875 0.0421875
6 0.40625 0.8765625 0.06875 0.0546875
6 0.44296875 0.97890625 0.0859375 0.0421875
6 0.52890625 0.7046875 0.075 0.0453125
6 0.55625 0.75859375 0.0640625 0.05
6 0.578125 0.5890625 0.0484375 0.0359375
6 0.6046875 0.57890625 0.040625 0.0328125
4 0.49140625 0.8546875 0.025 0.021875
5 0.81875 0.7546875 0.040625 0.0296875
6 0.52890625 0.7234375 0.053125 0.0359375
6 0.1875 0.3703125 0.1046875 0.08125
6 0.071875 0.37421875 0.0953125 0.071875