6 0.671875 0.68359375 0.0859375 0.0859375
6 0.59609375 0.6625 0.0859375 0.05
5 0.62578125 0.5765625 0.0671875 0.0671875
6 0.63046875 0.53671875 0.0984375 0.1
4 0.61640625 0.54375 0.0140625 0.0140625
6 0.578125 0.4796875 0.0671875 0.06875
6 0.64921875 0.4671875 0.078125 0.0796875
6 0.6984375 0.46796875 0.0953125 0.0953125
6 0.60390625 0.4328125 0.075 0.0765625
6 0.65546875 0.290625 0.08125 0.08125
6 0.74375 0.25625 0.1234375 0.0578125
6 0.9609375 0.2203125 0.078125 0.11875
3 0.5375 0.10390625 0.0515625 0.0515625