1 0.1421875 0.428125 0.1484375 0.04375
1 0.1640625 0.11015625 0.1421875 0.0484375
1 0.3515625 0.64609375 0.1109375 0.040625
1 0.42421875 0.74375 0.103125 0.0359375
1 0.44296875 0.60390625 0.103125 0.034375
1 0.5375 0.69296875 0.096875 0.0328125
1 0.63046875 0.48046875 0.075 0.0234375
1 0.43984375 0.278125 0.096875 0.0421875
1 0.428125 0.09375 0.0875 0.034375
1 0.47578125 0.13984375 0.1171875 0.034375
1 0.4875 0.10234375 0.0984375 0.03125
1 0.47734375 0.2203125 0.1125 0.0296875
1 0.553125 0.27109375 0.0890625 0.0234375
1 0.653125 0.33984375 0.0828125 0.025