6 0.48046875 0.715625 0.1625 0.04375
6 0.540625 0.76328125 0.11875 0.0328125
6 0.46640625 0.8703125 0.165625 0.04375
6 0.415625 0.40078125 0.165625 0.0375
6 0.5171875 0.6015625 0.071875 0.04375
6 0.5828125 0.63203125 0.1078125 0.0296875
6 0.575 0.50078125 0.1078125 0.025
6 0.55703125 0.46015625 0.125 0.0375
6 0.6109375 0.38203125 0.1234375 0.053125
6 0.56640625 0.36640625 0.125 0.0296875
6 0.48046875 0.378125 0.14375 0.034375
6 0.6140625 0.3359375 0.1265625 0.028125
6 0.6375 0.2484375 0.10625 0.025
6 0.53671875 0.0125 0.1328125 0.01875
4 0.57109375 0.5328125 0.025 0.0125
5 0.61640625 0.56953125 0.0953125 0.0640625
3 0.375 0.94296875 0.175 0.05