6 0.31640625 0.50390625 0.0515625 0.1109375
6 0.39609375 0.378125 0.0421875 0.09375
6 0.296875 0.3765625 0.04375 0.096875
6 0.753125 0.25703125 0.034375 0.08125
6 0.6828125 0.4234375 0.046875 0.1046875
6 0.4671875 0.5921875 0.0625 0.1421875
6 0.38359375 0.30625 0.0359375 0.078125
3 0.3703125 0.4296875 0.0421875 0.0953125
6 0.11171875 0.42109375 0.040625 0.090625
6 0.2296875 0.43984375 0.0453125 0.1
6 0.1375 0.434375 0.0375 0.0859375
6 0.17421875 0.36484375 0.0390625 0.08125
6 0.8328125 0.61171875 0.0625 0.115625
6 0.18515625 0.45859375 0.0390625 0.0890625
4 0.6390625 0.53515625 0.0375 0.0578125