1 0.17109375 0.825 0.059375 0.1578125
1 0.36484375 0.60234375 0.046875 0.146875
1 0.39296875 0.56015625 0.04375 0.121875
1 0.44140625 0.5265625 0.0515625 0.1234375
1 0.4734375 0.57734375 0.0578125 0.134375
1 0.48359375 0.48203125 0.04375 0.11875
1 0.51484375 0.51640625 0.046875 0.125
1 0.525 0.47109375 0.04375 0.11875
1 0.56796875 0.46328125 0.0421875 0.10625
1 0.5546875 0.40546875 0.03125 0.071875
1 0.5875 0.40859375 0.04375 0.1125
1 0.696875 0.4515625 0.05 0.1140625
1 0.553125 0.6921875 0.0515625 0.1359375
1 0.56640625 0.60703125 0.046875 0.1125
1 0.7640625 0.678125 0.05625 0.13125
1 0.24140625 0.840625 0.0578125 0.15625
1 0.15 0.5046875 0.0515625 0.11875