3 0.26875 0.57578125 0.0609375 0.18125
6 0.11171875 0.75 0.0734375 0.2015625
6 0.4 0.3828125 0.046875 0.140625
6 0.47734375 0.509375 0.059375 0.14375
6 0.50625 0.35078125 0.0390625 0.1296875
6 0.5328125 0.35390625 0.0390625 0.1421875
6 0.58671875 0.40546875 0.05 0.121875
6 0.61015625 0.35 0.0453125 0.1046875
6 0.6546875 0.39921875 0.0359375 0.0984375
6 0.625 0.44765625 0.0484375 0.153125
6 0.6703125 0.53359375 0.0453125 0.1484375
6 0.715625 0.5328125 0.04375 0.1421875
6 0.7546875 0.52109375 0.053125 0.1546875