3 0.24375 0.6 0.046875 0.21875
6 0.15859375 0.740625 0.05 0.184375
6 0.46640625 0.5203125 0.06875 0.1875
6 0.390625 0.403125 0.034375 0.1515625
6 0.5328125 0.41953125 0.040625 0.1171875
6 0.55625 0.346875 0.0375 0.1203125
6 0.6453125 0.6015625 0.04375 0.196875
6 0.70546875 0.58046875 0.0296875 0.203125
6 0.74140625 0.596875 0.059375 0.18125
6 0.74140625 0.42578125 0.03125 0.1421875
6 0.6828125 0.45703125 0.025 0.1296875
5 0.6578125 0.43046875 0.0375 0.1265625
6 0.6234375 0.4828125 0.034375 0.1453125
6 0.63046875 0.33984375 0.028125 0.0875