6 0.24765625 0.36640625 0.15625 0.1
6 0.2453125 0.51171875 0.1859375 0.15625
3 0.35 0.68671875 0.178125 0.05625
6 0.48359375 0.50234375 0.1765625 0.0546875
6 0.48984375 0.60234375 0.1046875 0.0609375
6 0.496875 0.6984375 0.159375 0.065625
6 0.52421875 0.78125 0.1375 0.0765625
6 0.4046875 0.778125 0.1234375 0.053125
6 0.43046875 0.97109375 0.1484375 0.0578125
6 0.1953125 0.89453125 0.2359375 0.0796875
6 0.18203125 0.790625 0.134375 0.059375
6 0.546875 0.6171875 0.1015625 0.0453125
3 0.73984375 0.9171875 0.1421875 0.0703125
5 0.53203125 0.45625 0.0765625 0.071875
6 0.4640625 0.30234375 0.1515625 0.0765625
6 0.4203125 0.07265625 0.1109375 0.06875
6 0.50234375 0.325 0.1203125 0.046875