6 0.09140625 0.465625 0.0703125 0.1171875
6 0.1390625 0.47421875 0.0625 0.0984375
6 0.190625 0.503125 0.053125 0.0875
6 0.20390625 0.790625 0.0828125 0.1546875
6 0.26328125 0.63671875 0.075 0.153125
6 0.20234375 0.678125 0.0515625 0.0984375
6 0.2734375 0.571875 0.053125 0.1171875
6 0.30234375 0.54765625 0.078125 0.1296875
6 0.41171875 0.73984375 0.075 0.1453125
6 0.4828125 0.8046875 0.0953125 0.16875
6 0.48671875 0.61171875 0.084375 0.171875
6 0.58515625 0.703125 0.0796875 0.140625
6 0.41484375 0.59453125 0.065625 0.109375
3 0.1625 0.64140625 0.0640625 0.1453125
6 0.65546875 0.5765625 0.0859375 0.1609375
5 0.70859375 0.46328125 0.0734375 0.0984375