6 0.2859375 0.27265625 0.08125 0.175
6 0.22734375 0.7765625 0.10625 0.215625
6 0.34921875 0.5140625 0.0890625 0.196875
6 0.40078125 0.51484375 0.06875 0.1734375
6 0.83203125 0.8125 0.0921875 0.1796875
6 0.8734375 0.77265625 0.0890625 0.203125
6 0.83515625 0.53515625 0.1078125 0.1921875
6 0.809375 0.40078125 0.059375 0.1328125
6 0.8609375 0.36171875 0.0625 0.15625
6 0.98125 0.43671875 0.0375 0.1765625
6 0.81875 0.30859375 0.040625 0.125
6 0.60625 0.28984375 0.0640625 0.1171875
6 0.5875 0.26640625 0.0546875 0.1078125
4 0.43515625 0.3359375 0.0640625 0.0796875