3 0.5515625 0.2453125 0.1078125 0.0578125
3 0.2921875 0.8125 0.1921875 0.10625
5 0.5671875 0.659375 0.1203125 0.0734375
6 0.36953125 0.35390625 0.134375 0.0921875
6 0.30078125 0.08828125 0.1359375 0.0765625
6 0.275 0.0796875 0.103125 0.0625
6 0.31015625 0.04765625 0.140625 0.06875
6 0.1796875 0.37578125 0.1765625 0.103125
6 0.23828125 0.41953125 0.14375 0.0875
6 0.2484375 0.46328125 0.1546875 0.09375
6 0.2515625 0.50703125 0.153125 0.1015625
6 0.18671875 0.553125 0.171875 0.1125
3 0.346875 0.4265625 0.0484375 0.04375