4 0.7125 0.46328125 0.0375 0.028125
6 0.74765625 0.371875 0.1375 0.034375
6 0.68046875 0.20859375 0.125 0.0328125
6 0.60390625 0.2265625 0.134375 0.0359375
3 0.59765625 0.3171875 0.1390625 0.0375
6 0.38125 0.3375 0.1765625 0.053125
6 0.52109375 0.50234375 0.14375 0.03125
6 0.68984375 0.40546875 0.10625 0.0328125
6 0.71484375 0.43203125 0.109375 0.0265625
6 0.715625 0.5 0.1 0.0265625
6 0.65390625 0.503125 0.1265625 0.0515625
6 0.603125 0.58046875 0.1375 0.028125
6 0.3734375 0.67578125 0.1625 0.040625
6 0.625 0.71875 0.125 0.0328125
6 0.53828125 0.759375 0.134375 0.0453125
6 0.57734375 0.79375 0.15625 0.040625
6 0.5765625 0.82734375 0.1578125 0.05
6 0.47890625 0.928125 0.15 0.0390625
6 0.46015625 0.98515625 0.1640625 0.0296875
6 0.2921875 0.871875 0.1890625 0.0515625