6 0.11015625 0.65625 0.0484375 0.1515625
6 0.32578125 0.80390625 0.0578125 0.1640625
6 0.4453125 0.540625 0.0453125 0.121875
6 0.50546875 0.52734375 0.0421875 0.1203125
6 0.5671875 0.41953125 0.0265625 0.0921875
6 0.37578125 0.47109375 0.03125 0.090625
6 0.3515625 0.440625 0.028125 0.0921875
6 0.3453125 0.54296875 0.040625 0.1015625
6 0.58046875 0.61328125 0.0359375 0.13125
6 0.6453125 0.6609375 0.0328125 0.1421875
6 0.859375 0.640625 0.0453125 0.1453125
6 0.80234375 0.4453125 0.03125 0.1109375
6 0.765625 0.3515625 0.03125 0.0796875
3 0.784375 0.275 0.0234375 0.0515625
3 0.60703125 0.60234375 0.0515625 0.1171875
4 0.30078125 0.46796875 0.0171875 0.028125
5 0.08515625 0.3484375 0.034375 0.0640625