1 0.40859375 0.12109375 0.1171875 0.05
1 0.42890625 0.171875 0.10625 0.0484375
1 0.25546875 0.23359375 0.1328125 0.071875
1 0.31875 0.328125 0.134375 0.0640625
1 0.303125 0.41640625 0.10625 0.0546875
1 0.32421875 0.45078125 0.1203125 0.0546875
1 0.31328125 0.4671875 0.1109375 0.053125
1 0.28125 0.47578125 0.1109375 0.05
1 0.321875 0.53828125 0.0984375 0.0453125
1 0.31640625 0.565625 0.1078125 0.05
1 0.3375 0.59453125 0.1015625 0.04375
1 0.32421875 0.59765625 0.0984375 0.046875
1 0.31015625 0.61484375 0.1046875 0.0546875
1 0.2953125 0.64296875 0.084375 0.04375
1 0.29609375 0.6671875 0.1125 0.0515625
1 0.30390625 0.70703125 0.1046875 0.046875