6 0.38359375 0.10390625 0.1109375 0.03125
6 0.259375 0.2828125 0.134375 0.040625
6 0.465625 0.28125 0.0796875 0.025
4 0.43359375 0.309375 0.015625 0.0109375
3 0.36953125 0.33984375 0.1 0.0296875
6 0.4546875 0.453125 0.0875 0.021875
6 0.3375 0.4890625 0.0890625 0.021875
6 0.29375 0.58203125 0.0828125 0.034375
6 0.4171875 0.51328125 0.090625 0.0203125
6 0.45 0.49140625 0.075 0.025
6 0.47109375 0.4953125 0.071875 0.0171875
6 0.44609375 0.52890625 0.103125 0.01875
6 0.4609375 0.54453125 0.0828125 0.0296875
6 0.39921875 0.578125 0.1 0.01875
6 0.40625 0.62578125 0.0875 0.0203125
6 0.43671875 0.67109375 0.09375 0.0359375
6 0.42265625 0.7046875 0.1046875 0.028125
6 0.40234375 0.734375 0.0890625 0.021875
5 0.46171875 0.71875 0.0671875 0.0359375