6 0.85703125 0.58046875 0.11875 0.2140625
6 0.6671875 0.671875 0.1078125 0.16875
6 0.6859375 0.5921875 0.0921875 0.140625
6 0.7328125 0.49921875 0.1 0.1890625
6 0.64765625 0.46640625 0.065625 0.109375
6 0.57421875 0.503125 0.0859375 0.153125
6 0.509375 0.5296875 0.0765625 0.134375
6 0.32734375 0.4203125 0.078125 0.1359375
6 0.20703125 0.603125 0.078125 0.1453125
6 0.13125 0.484375 0.08125 0.1125
6 0.38515625 0.8703125 0.1140625 0.2125
6 0.44375 0.88515625 0.11875 0.19375
6 0.47265625 0.66796875 0.1 0.1765625
5 0.58203125 0.36171875 0.0859375 0.1109375