6 0.29140625 0.33828125 0.115625 0.05
6 0.23125 0.19609375 0.1140625 0.05
6 0.584375 0.196875 0.1734375 0.0609375
6 0.41875 0.321875 0.109375 0.0421875
6 0.42265625 0.35625 0.1046875 0.0546875
6 0.5234375 0.41328125 0.128125 0.0484375
6 0.65390625 0.34453125 0.1515625 0.0578125
6 0.87734375 0.12578125 0.15 0.071875
6 0.753125 0.57890625 0.1828125 0.0625
6 0.84453125 0.89453125 0.175 0.059375
6 0.50078125 0.53046875 0.1390625 0.059375
6 0.43515625 0.47578125 0.103125 0.065625
6 0.48671875 0.45703125 0.1390625 0.0625
3 0.421875 0.053125 0.1484375 0.0671875
5 0.3375 0.6765625 0.11875 0.05