6 0.79609375 0.5140625 0.0859375 0.1453125
6 0.79921875 0.54140625 0.071875 0.115625
6 0.74921875 0.48046875 0.0734375 0.128125
4 0.74765625 0.39921875 0.0375 0.046875
6 0.5796875 0.45625 0.084375 0.1421875
6 0.5796875 0.2515625 0.096875 0.159375
6 0.44921875 0.48828125 0.0671875 0.121875
6 0.46015625 0.3203125 0.0640625 0.121875
6 0.3953125 0.4375 0.06875 0.1265625
6 0.196875 0.5171875 0.0734375 0.125
6 0.171875 0.4015625 0.0671875 0.121875
6 0.01171875 0.51484375 0.0234375 0.1234375
3 0.1765625 0.30390625 0.075 0.1375
5 0.11796875 0.59140625 0.0578125 0.1046875