6 0.7828125 0.58828125 0.040625 0.140625
6 0.7953125 0.56328125 0.0375 0.109375
6 0.72734375 0.603125 0.0328125 0.125
4 0.6984375 0.6796875 0.025 0.040625
6 0.56015625 0.56875 0.0390625 0.1375
6 0.48984375 0.7609375 0.046875 0.153125
6 0.4484375 0.49375 0.028125 0.11875
6 0.40078125 0.65546875 0.025 0.1203125
6 0.38046875 0.52265625 0.028125 0.125
6 0.22109375 0.38046875 0.034375 0.1203125
6 0.1578125 0.48046875 0.028125 0.11875
6 0.0234375 0.31015625 0.034375 0.11875
3 0.12890625 0.5734375 0.03125 0.134375
5 0.171875 0.28359375 0.025 0.1015625