4 0.65 0.40078125 0.040625 0.028125
6 0.678125 0.25234375 0.1375 0.034375
6 0.46171875 0.36328125 0.15 0.034375
6 0.4734375 0.39765625 0.14375 0.046875
6 0.18203125 0.27734375 0.215625 0.04375
6 0.54609375 0.67734375 0.1484375 0.034375
6 0.678125 0.778125 0.115625 0.03125
6 0.70390625 0.78671875 0.121875 0.03125
6 0.71484375 0.82421875 0.1375 0.0390625
6 0.63671875 0.98203125 0.1625 0.03125
6 0.51875 0.84140625 0.14375 0.0375
6 0.3 0.91796875 0.1703125 0.034375
6 0.23984375 0.87734375 0.175 0.0453125
6 0.73125 0.56171875 0.1109375 0.01875
6 0.74921875 0.534375 0.090625 0.03125