4 0.5046875 0.60859375 0.028125 0.0375
6 0.284375 0.40703125 0.040625 0.0421875
6 0.24609375 0.609375 0.0640625 0.0640625
6 0.2015625 0.63359375 0.071875 0.0734375
6 0.31015625 0.36953125 0.046875 0.046875
6 0.36796875 0.50078125 0.0546875 0.0546875
6 0.38125 0.821875 0.0796875 0.0796875
6 0.43828125 0.4890625 0.053125 0.053125
6 0.55234375 0.46953125 0.0265625 0.06875
6 0.63046875 0.415625 0.05 0.05
6 0.66171875 0.734375 0.0359375 0.13125
6 0.5796875 0.85859375 0.0765625 0.0765625
6 0.2859375 0.3140625 0.0625 0.0625
6 0.5640625 0.246875 0.025 0.0421875
6 0.46015625 0.23984375 0.0359375 0.0734375
6 0.7328125 0.403125 0.040625 0.0375
6 0.75 0.38984375 0.03125 0.075
5 0.925 0.2703125 0.034375 0.0359375
3 0.4640625 0.4421875 0.0390625 0.0390625
6 0.83046875 0.7296875 0.0765625 0.0765625