1 0.13828125 0.45 0.096875 0.221875
1 0.22421875 0.40234375 0.0921875 0.19375
1 0.3828125 0.38671875 0.0703125 0.159375
1 0.33515625 0.4390625 0.096875 0.1296875
1 0.44609375 0.30234375 0.053125 0.125
1 0.51171875 0.4046875 0.075 0.165625
1 0.56171875 0.36640625 0.071875 0.1578125
1 0.53984375 0.3078125 0.0328125 0.0546875
1 0.71953125 0.42421875 0.0578125 0.15
1 0.6125 0.5890625 0.0984375 0.2359375
1 0.759375 0.559375 0.09375 0.2015625
1 0.84140625 0.49296875 0.0640625 0.178125
0 0.5546875 0.51015625 0.021875 0.0359375