6 0.8984375 0.5703125 0.0875 0.1609375
6 0.8671875 0.43203125 0.08125 0.159375
6 0.7515625 0.49921875 0.0796875 0.1484375
6 0.67265625 0.4515625 0.084375 0.1234375
6 0.58203125 0.4390625 0.0734375 0.1265625
6 0.50390625 0.4171875 0.0640625 0.115625
6 0.36640625 0.54453125 0.096875 0.165625
6 0.278125 0.62890625 0.078125 0.146875
6 0.17890625 0.5953125 0.11875 0.175
6 0.84140625 0.696875 0.0796875 0.1453125
5 0.846875 0.62578125 0.065625 0.1015625
6 0.79609375 0.5625 0.0875 0.153125
6 0.50078125 0.48203125 0.075 0.121875
6 0.57734375 0.5171875 0.065625 0.10625
5 0.14453125 0.4078125 0.0890625 0.1296875
4 0.4125 0.41875 0.0515625 0.0703125