3 0.48984375 0.3234375 0.1265625 0.0703125
6 0.34375 0.30703125 0.0984375 0.0671875
6 0.20859375 0.26875 0.103125 0.0578125
6 0.2328125 0.1140625 0.1125 0.0671875
6 0.26875 0.390625 0.0828125 0.05
6 0.38046875 0.440625 0.1 0.0515625
4 0.39140625 0.45625 0.040625 0.0265625
6 0.49140625 0.54140625 0.128125 0.075
6 0.40546875 0.54609375 0.096875 0.04375
6 0.415625 0.56171875 0.1015625 0.05
6 0.471875 0.615625 0.109375 0.0578125
6 0.52421875 0.66015625 0.1125 0.053125
6 0.55625 0.7421875 0.1296875 0.06875
6 0.6359375 0.86015625 0.11875 0.06875
5 0.4578125 0.8265625 0.09375 0.05
6 0.3484375 0.04375 0.128125 0.071875