1 0.1765625 0.55625 0.05625 0.1421875
1 0.3796875 0.5640625 0.0578125 0.1390625
1 0.35546875 0.46796875 0.0515625 0.115625
1 0.4671875 0.40625 0.0515625 0.1125
1 0.48984375 0.41484375 0.0484375 0.11875
1 0.54296875 0.4046875 0.05625 0.1203125
1 0.6703125 0.3375 0.0515625 0.1140625
1 0.59765625 0.28671875 0.0484375 0.109375
1 0.74921875 0.415625 0.059375 0.1328125
1 0.74453125 0.5625 0.059375 0.146875
1 0.815625 0.47734375 0.053125 0.15
1 0.85703125 0.45234375 0.05625 0.1328125
1 0.87734375 0.33515625 0.053125 0.1203125
0 0.39765625 0.53125 0.021875 0.034375