4 0.4609375 0.32734375 0.0359375 0.0171875
5 0.425 0.3796875 0.125 0.0578125
3 0.5765625 0.75625 0.15 0.0609375
6 0.46796875 0.60859375 0.134375 0.0625
6 0.765625 0.30078125 0.1875 0.075
6 0.59375 0.42109375 0.153125 0.0640625
6 0.5203125 0.40390625 0.0984375 0.0546875
6 0.53515625 0.478125 0.1046875 0.053125
6 0.478125 0.44375 0.1265625 0.0609375
6 0.3734375 0.62890625 0.128125 0.05625
6 0.38046875 0.67578125 0.128125 0.05625
6 0.32578125 0.89765625 0.15625 0.065625
6 0.496875 0.79375 0.153125 0.0671875
6 0.4515625 0.740625 0.103125 0.046875
6 0.4671875 0.71171875 0.153125 0.0640625
6 0.65234375 0.65 0.1578125 0.0703125
6 0.6171875 0.95390625 0.2 0.0921875
6 0.8265625 0.97890625 0.14375 0.0421875