3 0.9390625 0.51640625 0.0734375 0.075
6 0.68359375 0.5921875 0.090625 0.0890625
6 0.790625 0.6015625 0.0578125 0.05625
4 0.79375 0.6421875 0.028125 0.028125
5 0.875 0.7234375 0.1109375 0.1109375
6 0.421875 0.7109375 0.0921875 0.0921875
6 0.36875 0.928125 0.10625 0.1078125
6 0.28125 0.82109375 0.0734375 0.1234375
3 0.25234375 0.57578125 0.0609375 0.0609375
6 0.228125 0.59453125 0.034375 0.0859375
6 0.325 0.4765625 0.071875 0.071875
6 0.4453125 0.39921875 0.0453125 0.0453125
6 0.26640625 0.30625 0.0390625 0.0421875
6 0.36640625 0.27109375 0.059375 0.0609375
6 0.59921875 0.3203125 0.0546875 0.0546875
6 0.54453125 0.34375 0.065625 0.065625
5 0.69921875 0.1953125 0.040625 0.078125
6 0.0625 0.4734375 0.0484375 0.0734375
6 0.1046875 0.5609375 0.0828125 0.0828125
6 0.12578125 0.646875 0.065625 0.065625
6 0.08671875 0.74453125 0.075 0.075
6 0.10546875 0.87890625 0.1 0.1