4 0.5234375 0.53046875 0.025 0.015625
6 0.52734375 0.4734375 0.09375 0.046875
6 0.54765625 0.39765625 0.096875 0.034375
6 0.45234375 0.4109375 0.08125 0.0265625
6 0.35625 0.4328125 0.0640625 0.021875
6 0.6078125 0.296875 0.0984375 0.0484375
6 0.7859375 0.2265625 0.1421875 0.059375
3 0.5875 0.0296875 0.1046875 0.0328125
6 0.5828125 0.2265625 0.10625 0.0296875
6 0.55625 0.21484375 0.10625 0.025
6 0.4265625 0.21484375 0.08125 0.028125
6 0.36796875 0.17109375 0.075 0.0171875
6 0.3046875 0.35859375 0.046875 0.01875
6 0.2921875 0.57421875 0.0390625 0.0140625
6 0.6109375 0.0125 0.115625 0.0234375