6 0.30390625 0.3859375 0.071875 0.1265625
6 0.51171875 0.55703125 0.0671875 0.1328125
6 0.6828125 0.5 0.0734375 0.13125
6 0.2265625 0.85078125 0.0796875 0.171875
4 0.0328125 0.4609375 0.065625 0.15
6 0.5421875 0.4109375 0.0609375 0.115625
6 0.5625 0.39609375 0.0640625 0.115625
6 0.76953125 0.59296875 0.0578125 0.1359375
6 0.790625 0.584375 0.0625 0.128125
6 0.30390625 0.27265625 0.059375 0.1109375
6 0.325 0.2171875 0.046875 0.090625
6 0.30390625 0.19453125 0.0453125 0.0859375
4 0.28984375 0.23125 0.0234375 0.034375
5 0.86875 0.503125 0.053125 0.109375