6 0.2296875 0.5921875 0.1453125 0.0765625
6 0.25 0.4484375 0.165625 0.13125
3 0.38125 0.2921875 0.175 0.0296875
6 0.484375 0.4953125 0.171875 0.025
6 0.50625 0.39765625 0.0984375 0.0453125
6 0.528125 0.30390625 0.1546875 0.040625
6 0.56796875 0.22578125 0.1296875 0.05625
6 0.44921875 0.21015625 0.1203125 0.034375
6 0.50625 0.02109375 0.1421875 0.040625
6 0.2609375 0.0625 0.23125 0.0453125
6 0.23125 0.16328125 0.1296875 0.0375
6 0.56484375 0.39140625 0.0984375 0.0296875
3 0.80234375 0.12578125 0.1359375 0.05
5 0.525 0.5484375 0.06875 0.0625
6 0.43359375 0.68984375 0.1453125 0.053125
6 0.3546875 0.909375 0.1046875 0.053125
6 0.475 0.6734375 0.1171875 0.028125