6 0.40625 0.3234375 0.0375 0.096875
6 0.29453125 0.5125 0.0453125 0.121875
6 0.5015625 0.7359375 0.053125 0.178125
6 0.56484375 0.6515625 0.04375 0.1640625
6 0.47265625 0.52578125 0.03125 0.125
6 0.41875 0.42421875 0.028125 0.115625
6 0.45859375 0.3640625 0.021875 0.10625
6 0.45859375 0.4140625 0.0328125 0.1015625
6 0.54765625 0.378125 0.0265625 0.103125
6 0.57421875 0.43359375 0.0328125 0.1015625
6 0.74296875 0.459375 0.025 0.1203125
3 0.65390625 0.56484375 0.0359375 0.1453125
6 0.58046875 0.40078125 0.0265625 0.0953125
4 0.496875 0.4546875 0.0203125 0.040625
5 0.87109375 0.35703125 0.0375 0.09375
6 0.9734375 0.590625 0.040625 0.1390625
6 0.98203125 0.5234375 0.0359375 0.14375
6 0.98125 0.48671875 0.034375 0.1296875