6 0.24609375 0.678125 0.0828125 0.1640625
6 0.2828125 0.62734375 0.0796875 0.1578125
6 0.321875 0.59921875 0.0734375 0.1390625
6 0.3578125 0.61171875 0.0859375 0.153125
6 0.40703125 0.59296875 0.0765625 0.1453125
6 0.37265625 0.49921875 0.0546875 0.0765625
6 0.4546875 0.50859375 0.0875 0.15
6 0.48046875 0.6140625 0.0953125 0.175
6 0.609375 0.47265625 0.0828125 0.15
6 0.63359375 0.37890625 0.075 0.13125
6 0.60546875 0.4015625 0.09375 0.165625
6 0.7421875 0.3 0.0625 0.10625
4 0.740625 0.34375 0.028125 0.0359375
3 0.803125 0.43203125 0.0796875 0.1375
6 0.72421875 0.39296875 0.078125 0.14375
6 0.653125 0.3265625 0.034375 0.0578125
6 0.6734375 0.3921875 0.05625 0.10625
6 0.715625 0.4984375 0.09375 0.1609375
6 0.8484375 0.4765625 0.1 0.1625
5 0.27421875 0.53828125 0.06875 0.128125