6 0.25859375 0.73046875 0.04375 0.13125
6 0.18203125 0.703125 0.0328125 0.146875
6 0.31015625 0.68125 0.025 0.121875
6 0.32421875 0.71953125 0.025 0.0875
6 0.07265625 0.3734375 0.0390625 0.1984375
6 0.26796875 0.49453125 0.0375 0.18125
6 0.37265625 0.6 0.034375 0.1484375
6 0.45546875 0.38046875 0.05625 0.171875
6 0.6328125 0.30859375 0.05 0.1796875
6 0.89609375 0.46640625 0.053125 0.14375
5 0.89609375 0.59453125 0.040625 0.10625
4 0.56328125 0.71875 0.015625 0.0296875
6 0.53046875 0.6453125 0.040625 0.13125
6 0.55 0.590625 0.040625 0.115625
6 0.61328125 0.60859375 0.03125 0.1203125
6 0.63515625 0.54609375 0.046875 0.1484375
6 0.70625 0.540625 0.040625 0.1515625
6 0.73359375 0.5484375 0.04375 0.1625
3 0.0953125 0.5890625 0.040625 0.1703125
6 0.065625 0.77109375 0.0609375 0.15