6 0.69765625 0.8078125 0.209375 0.05
6 0.71875 0.5984375 0.159375 0.05625
6 0.65 0.64296875 0.1328125 0.05
6 0.57890625 0.71875 0.1875 0.0375
6 0.51875 0.65 0.1046875 0.0328125
6 0.528125 0.56875 0.1484375 0.0375
6 0.53125 0.4984375 0.1296875 0.034375
6 0.365625 0.36484375 0.1328125 0.034375
6 0.496875 0.1890625 0.1421875 0.03125
6 0.359375 0.15859375 0.1015625 0.05
6 0.80859375 0.265625 0.209375 0.0453125
6 0.84296875 0.315625 0.184375 0.059375
6 0.6484375 0.4171875 0.171875 0.04375
5 0.3984375 0.62421875 0.0984375 0.05625