4 0.5625 0.64765625 0.046875 0.0375
6 0.51796875 0.465625 0.1265625 0.059375
6 0.45859375 0.3984375 0.134375 0.0578125
6 0.32109375 0.53125 0.115625 0.053125
6 0.20390625 0.5671875 0.15625 0.0734375
6 0.29765625 0.2828125 0.16875 0.0671875
6 0.54609375 0.5765625 0.1296875 0.071875
6 0.5828125 0.5984375 0.1484375 0.0703125
6 0.66484375 0.65546875 0.103125 0.05
6 0.71953125 0.7265625 0.1125 0.053125
6 0.76953125 0.86796875 0.121875 0.0609375
6 0.52578125 0.83671875 0.15625 0.08125
6 0.58203125 0.721875 0.128125 0.0640625
3 0.50390625 0.92109375 0.175 0.0828125
3 0.86640625 0.86796875 0.0984375 0.0484375
5 0.521875 0.2296875 0.109375 0.0625