6 0.2109375 0.58203125 0.0421875 0.0828125
6 0.2609375 0.8484375 0.065625 0.1265625
6 0.33828125 0.64375 0.05 0.0765625
6 0.3671875 0.7234375 0.0484375 0.0875
6 0.4015625 0.55 0.0484375 0.090625
6 0.33046875 0.47265625 0.04375 0.0859375
6 0.41953125 0.5234375 0.0453125 0.0734375
6 0.58671875 0.4484375 0.0390625 0.0703125
6 0.653125 0.50390625 0.04375 0.075
6 0.55234375 0.628125 0.0578125 0.1375
3 0.51875 0.6203125 0.0390625 0.09375
6 0.48671875 0.525 0.040625 0.0828125
6 0.48359375 0.4140625 0.028125 0.046875
6 0.71796875 0.5671875 0.0609375 0.103125
6 0.715625 0.49609375 0.0390625 0.0921875
6 0.76171875 0.39375 0.0515625 0.071875
6 0.85 0.71484375 0.0828125 0.1640625
3 0.659375 0.9171875 0.0703125 0.1296875