5 0.4125 0.35546875 0.065625 0.1265625
6 0.90859375 0.38046875 0.078125 0.153125
6 0.62109375 0.90859375 0.1234375 0.165625
6 0.3078125 0.71015625 0.075 0.1359375
6 0.4703125 0.7171875 0.078125 0.1484375
6 0.43671875 0.61171875 0.0625 0.1015625
6 0.31953125 0.60703125 0.0765625 0.1453125
6 0.32421875 0.5375 0.0515625 0.103125
4 0.35390625 0.58359375 0.028125 0.053125
6 0.52265625 0.5609375 0.0765625 0.165625
6 0.6 0.38125 0.075 0.1390625
6 0.71015625 0.29140625 0.084375 0.1546875
6 0.9046875 0.1984375 0.06875 0.134375
3 0.76328125 0.54375 0.0890625 0.1703125
6 0.775 0.728125 0.078125 0.1734375
6 0.73203125 0.72421875 0.0890625 0.1828125
6 0.421875 0.503125 0.08125 0.1328125
6 0.48125 0.53203125 0.05625 0.1359375