3 0.3625 0.86171875 0.103125 0.0328125
6 0.265625 0.8265625 0.0953125 0.03125
6 0.378125 0.6765625 0.1078125 0.0359375
6 0.4625 0.66171875 0.0921875 0.0390625
6 0.5171875 0.35078125 0.1 0.034375
6 0.47421875 0.39609375 0.1046875 0.034375
6 0.3703125 0.4453125 0.109375 0.0453125
6 0.28359375 0.51796875 0.0921875 0.0296875
6 0.2984375 0.496875 0.078125 0.034375
6 0.27734375 0.4921875 0.0796875 0.0265625
6 0.39296875 0.4078125 0.090625 0.0375
5 0.34765625 0.35859375 0.0765625 0.0453125
4 0.353125 0.40390625 0.0234375 0.0140625