6 0.0375 0.8359375 0.05 0.1390625
6 0.1625 0.60703125 0.0234375 0.0890625
6 0.11171875 0.478125 0.01875 0.0703125
3 0.1078125 0.44609375 0.0203125 0.0625
6 0.21875 0.51484375 0.0265625 0.0859375
6 0.1828125 0.51953125 0.021875 0.090625
6 0.2703125 0.60234375 0.0265625 0.0953125
6 0.38671875 0.46875 0.03125 0.071875
3 0.4125 0.56953125 0.0296875 0.0890625
6 0.440625 0.49140625 0.01875 0.065625
6 0.42421875 0.4546875 0.0203125 0.0640625
6 0.50703125 0.471875 0.0234375 0.0703125
6 0.59609375 0.65234375 0.0390625 0.0953125
6 0.5796875 0.49609375 0.03125 0.0796875
6 0.6375 0.49140625 0.028125 0.06875
6 0.72578125 0.5828125 0.0359375 0.0984375
6 0.78984375 0.578125 0.0359375 0.090625
6 0.74296875 0.5046875 0.025 0.0734375