5 0.4015625 0.6828125 0.071875 0.11875
6 0.79765625 0.47734375 0.0640625 0.10625
6 0.55078125 0.53671875 0.0703125 0.1234375
6 0.61875 0.5265625 0.0734375 0.128125
6 0.653125 0.440625 0.0578125 0.1015625
6 0.84921875 0.3015625 0.04375 0.1140625
6 0.63203125 0.221875 0.0484375 0.1046875
6 0.509375 0.1609375 0.0453125 0.09375
6 0.56796875 0.0875 0.0484375 0.0875
6 0.21953125 0.21328125 0.059375 0.1046875
6 0.3828125 0.39140625 0.046875 0.0984375
6 0.4546875 0.43828125 0.0625 0.1234375
6 0.44296875 0.3359375 0.0515625 0.1125
6 0.56328125 0.3265625 0.059375 0.109375
6 0.2875 0.3125 0.0546875 0.1125
6 0.24296875 0.07890625 0.0390625 0.090625
6 0.22890625 0.0609375 0.0359375 0.0828125
4 0.625 0.5671875 0.01875 0.0328125
3 0.73515625 0.43828125 0.05625 0.1125
6 0.04140625 0.3875 0.05625 0.1234375