6 0.184375 0.503125 0.0609375 0.1515625
6 0.56484375 0.63671875 0.0578125 0.1484375
6 0.884375 0.55078125 0.046875 0.171875
6 0.91328125 0.42734375 0.0515625 0.15625
6 0.95546875 0.3703125 0.0421875 0.134375
6 0.903125 0.26875 0.04375 0.1484375
6 0.6921875 0.33359375 0.0375 0.1390625
6 0.66875 0.3609375 0.0359375 0.14375
6 0.53046875 0.5171875 0.040625 0.1375
6 0.5671875 0.38203125 0.0375 0.115625
6 0.475 0.41171875 0.0375 0.14375
6 0.5171875 0.41875 0.028125 0.1203125
5 0.2796875 0.30703125 0.0359375 0.1234375
3 0.521875 0.1734375 0.0375 0.084375
3 0.8296875 0.49453125 0.0390625 0.1515625