6 0.41953125 0.92890625 0.14375 0.0640625
6 0.5859375 0.9078125 0.1390625 0.0578125
6 0.5546875 0.84453125 0.1484375 0.059375
6 0.8125 0.85546875 0.1953125 0.0703125
6 0.38828125 0.84375 0.14375 0.059375
3 0.46328125 0.5984375 0.140625 0.0671875
6 0.34296875 0.51015625 0.121875 0.0703125
6 0.4515625 0.38359375 0.1328125 0.0578125
6 0.65234375 0.33671875 0.1703125 0.06875
6 0.25546875 0.38984375 0.121875 0.0640625
6 0.253125 0.334375 0.11875 0.0421875
6 0.2875 0.31171875 0.1328125 0.0609375
6 0.3296875 0.21796875 0.1578125 0.0765625
6 0.328125 0.17265625 0.14375 0.0671875
6 0.3515625 0.10546875 0.1796875 0.0671875
4 0.31640625 0.46484375 0.0609375 0.0421875