6 0.59453125 0.24765625 0.0671875 0.01875
6 0.62265625 0.26015625 0.0421875 0.0203125
6 0.5375 0.27109375 0.059375 0.015625
6 0.528125 0.29140625 0.053125 0.0203125
6 0.41875 0.38984375 0.0734375 0.0234375
6 0.72578125 0.47734375 0.0390625 0.025
6 0.696875 0.53671875 0.040625 0.028125
3 0.55859375 0.5328125 0.053125 0.0125
6 0.43359375 0.5859375 0.0734375 0.021875
6 0.05 0.53125 0.1 0.0578125
6 0.225 0.5984375 0.0984375 0.059375
6 0.38125 0.7 0.065625 0.0203125
6 0.27734375 0.81796875 0.059375 0.0359375
6 0.271875 0.934375 0.078125 0.034375
6 0.45390625 0.7015625 0.071875 0.0203125
6 0.46015625 0.76171875 0.05625 0.03125
6 0.54140625 0.6109375 0.04375 0.0203125
6 0.56953125 0.6109375 0.0359375 0.0203125
4 0.36484375 0.828125 0.0203125 0.015625
5 0.70625 0.85234375 0.0375 0.0171875
6 0.446875 0.71875 0.0484375 0.0203125
6 0.2546875 0.2671875 0.0921875 0.0515625
6 0.1453125 0.22890625 0.0859375 0.04375