6 0.196875 0.56484375 0.0328125 0.1640625
6 0.25 0.53203125 0.03125 0.159375
6 0.29765625 0.521875 0.028125 0.1390625
6 0.32578125 0.546875 0.040625 0.1515625
6 0.378125 0.54921875 0.028125 0.1453125
6 0.3828125 0.45 0.034375 0.071875
6 0.4546875 0.48984375 0.0421875 0.1484375
6 0.4375 0.596875 0.040625 0.178125
6 0.6109375 0.5171875 0.0359375 0.15
6 0.6703125 0.440625 0.0359375 0.1296875
6 0.63515625 0.45078125 0.0453125 0.1640625
6 0.80078125 0.41015625 0.0328125 0.1046875
4 0.78203125 0.45078125 0.021875 0.03125
3 0.80546875 0.55625 0.0390625 0.1359375
6 0.7484375 0.4890625 0.0328125 0.1453125
6 0.709375 0.4 0.01875 0.05625
6 0.70234375 0.46875 0.0234375 0.10625
6 0.6984375 0.5828125 0.0453125 0.1578125
6 0.8296875 0.61484375 0.0515625 0.1578125
6 0.94921875 0.825 0.04375 0.1828125
5 0.27734375 0.446875 0.0296875 0.1296875