3 0.3578125 0.2046875 0.15625 0.065625
6 0.24765625 0.1359375 0.18125 0.0703125
6 0.39921875 0.10234375 0.1359375 0.0890625
6 0.51015625 0.30703125 0.1265625 0.05
6 0.478125 0.3453125 0.140625 0.05625
6 0.37421875 0.478125 0.175 0.0828125
6 0.41328125 0.540625 0.1953125 0.0875
6 0.48671875 0.609375 0.146875 0.1046875
6 0.38125 0.66640625 0.1375 0.0609375
6 0.36953125 0.78046875 0.159375 0.0890625
5 0.4359375 0.71171875 0.134375 0.0578125
6 0.54453125 0.01484375 0.1328125 0.0296875
6 0.47109375 0.04375 0.1171875 0.0484375