4 0.36171875 0.584375 0.0484375 0.03125
6 0.2859375 0.5921875 0.2359375 0.0890625
6 0.721875 0.68359375 0.196875 0.0953125
6 0.4984375 0.51875 0.1609375 0.0765625
6 0.30546875 0.43046875 0.146875 0.0796875
3 0.48671875 0.2859375 0.15625 0.0828125
3 0.41484375 0.1484375 0.153125 0.084375
3 0.33671875 0.10234375 0.1078125 0.0609375
3 0.55859375 0.09453125 0.1609375 0.0765625
3 0.82890625 0.1359375 0.203125 0.09375
3 0.478125 0.59453125 0.15625 0.0953125
3 0.43515625 0.01328125 0.1109375 0.0265625
3 0.4046875 0.02109375 0.128125 0.0421875