6 0.159375 0.33671875 0.0328125 0.1453125
6 0.275 0.55703125 0.021875 0.134375
6 0.29765625 0.5640625 0.034375 0.1390625
6 0.1890625 0.896875 0.0453125 0.20625
6 0.484375 0.2640625 0.025 0.0984375
6 0.53046875 0.2765625 0.03125 0.0984375
3 0.60234375 0.4734375 0.04375 0.14375
6 0.67265625 0.31640625 0.0359375 0.134375
6 0.70703125 0.33125 0.0296875 0.1109375
6 0.74609375 0.28984375 0.021875 0.1140625
6 0.7734375 0.5046875 0.0328125 0.15
6 0.76484375 0.71796875 0.046875 0.15
6 0.78359375 0.7734375 0.0484375 0.165625
6 0.9171875 0.55390625 0.04375 0.140625
6 0.95390625 0.3796875 0.034375 0.1375
4 0.48515625 0.30390625 0.021875 0.0484375