3 0.51875 0.0703125 0.090625 0.053125
6 0.57421875 0.290625 0.0796875 0.046875
6 0.58515625 0.45078125 0.0671875 0.0421875
6 0.44140625 0.61171875 0.0671875 0.0671875
6 0.2984375 0.66953125 0.05625 0.05625
6 0.34296875 0.7734375 0.04375 0.04375
6 0.52265625 0.75 0.0671875 0.065625
6 0.778125 0.6609375 0.1015625 0.059375
6 0.35 0.4765625 0.0453125 0.0453125
6 0.33515625 0.434375 0.0625 0.0625
5 0.19453125 0.34921875 0.040625 0.0234375
3 0.6703125 0.80703125 0.075 0.0375
6 0.62265625 0.8015625 0.059375 0.059375
6 0.540625 0.97578125 0.078125 0.0484375
6 0.6421875 0.9328125 0.059375 0.059375
6 0.6359375 0.95859375 0.059375 0.0546875
6 0.7546875 0.93359375 0.0625 0.0515625
6 0.89609375 0.84453125 0.065625 0.0671875
6 0.96484375 0.73125 0.0703125 0.096875