1 0.26953125 0.5296875 0.053125 0.134375
1 0.3375 0.415625 0.0453125 0.1109375
1 0.3515625 0.371875 0.040625 0.10625
1 0.4359375 0.86640625 0.0859375 0.1609375
1 0.7921875 0.803125 0.053125 0.1609375
1 0.490625 0.5546875 0.0453125 0.125
1 0.525 0.5453125 0.0484375 0.11875
1 0.50546875 0.4953125 0.0421875 0.10625
1 0.52578125 0.42265625 0.053125 0.1140625
1 0.60625 0.4140625 0.053125 0.140625
1 0.64921875 0.43125 0.0421875 0.0984375
1 0.7125 0.42578125 0.040625 0.1171875
1 0.77109375 0.39140625 0.053125 0.1140625
1 0.7890625 0.2875 0.040625 0.103125
1 0.93359375 0.29453125 0.0515625 0.115625