6 0.51953125 0.93125 0.0796875 0.0671875
6 0.61640625 0.89375 0.065625 0.0625
6 0.83671875 0.8421875 0.1296875 0.084375
6 0.9828125 0.66796875 0.034375 0.0734375
6 0.66015625 0.7796875 0.0984375 0.065625
6 0.6078125 0.73046875 0.0984375 0.065625
6 0.33671875 0.7734375 0.084375 0.05625
6 0.4875 0.62890625 0.0765625 0.0625
3 0.5484375 0.703125 0.0875 0.075
6 0.690625 0.40390625 0.0921875 0.059375
6 0.89453125 0.3984375 0.103125 0.065625
4 0.93359375 0.553125 0.0390625 0.0265625
3 0.42890625 0.14453125 0.078125 0.0484375
5 0.1625 0.38125 0.0453125 0.03125
6 0.309375 0.471875 0.05 0.034375
6 0.346875 0.49140625 0.0625 0.0453125
6 0.38359375 0.5640625 0.071875 0.046875
6 0.290625 0.67734375 0.0453125 0.0265625
3 0.3828125 0.9859375 0.04375 0.028125
5 0.66015625 0.146875 0.1109375 0.0609375
5 0.4703125 0.08671875 0.0890625 0.053125
6 0.78828125 0.10703125 0.125 0.0765625