6 0.1171875 0.36875 0.075 0.1609375
6 0.21171875 0.2625 0.06875 0.159375
6 0.2796875 0.37734375 0.06875 0.146875
6 0.37265625 0.37421875 0.075 0.121875
6 0.4578125 0.40703125 0.065625 0.1265625
6 0.53671875 0.42578125 0.05625 0.115625
6 0.5953125 0.60390625 0.0828125 0.165625
6 0.63125 0.7203125 0.0640625 0.146875
6 0.734375 0.7390625 0.10625 0.1734375
6 0.10546875 0.50625 0.06875 0.14375
5 0.13515625 0.44140625 0.059375 0.1
6 0.2109375 0.4109375 0.0765625 0.153125
6 0.5078125 0.484375 0.0671875 0.121875
6 0.42421875 0.47734375 0.0578125 0.1046875
5 0.85625 0.59140625 0.08125 0.128125
4 0.61640625 0.47109375 0.046875 0.06875