5 0.59609375 0.40078125 0.0375 0.146875
4 0.57265625 0.39921875 0.021875 0.04375
6 0.71484375 0.7109375 0.075 0.175
6 0.609375 0.52890625 0.03125 0.146875
6 0.58046875 0.56015625 0.0375 0.15
6 0.55703125 0.46875 0.034375 0.140625
6 0.39140625 0.49609375 0.05 0.125
6 0.33828125 0.66640625 0.034375 0.1484375
6 0.27734375 0.940625 0.103125 0.11875
6 0.14453125 0.621875 0.04375 0.1703125
6 0.05546875 0.44375 0.046875 0.171875
3 0.19765625 0.61953125 0.040625 0.15
6 0.1984375 0.53828125 0.0375 0.046875
6 0.2140625 0.51328125 0.01875 0.0890625
6 0.23125 0.503125 0.028125 0.128125
6 0.278125 0.4109375 0.025 0.1296875
6 0.32421875 0.38203125 0.040625 0.115625
6 0.32890625 0.4953125 0.028125 0.175