4 0.51640625 0.465625 0.028125 0.021875
6 0.53203125 0.5203125 0.1015625 0.065625
6 0.56953125 0.5890625 0.1015625 0.0546875
6 0.4734375 0.59765625 0.084375 0.04375
6 0.37578125 0.59765625 0.0671875 0.0359375
6 0.65 0.6734375 0.1046875 0.06875
6 0.83984375 0.7015625 0.15 0.0875
3 0.690625 0.9390625 0.1078125 0.0546875
6 0.6421875 0.74765625 0.109375 0.053125
6 0.61953125 0.76484375 0.1078125 0.0484375
6 0.49296875 0.79375 0.084375 0.04375
6 0.4453125 0.85 0.0765625 0.034375
6 0.34140625 0.68203125 0.05 0.0265625
6 0.28125 0.47421875 0.0390625 0.021875
6 0.71796875 0.95 0.1171875 0.0484375