6 0.3859375 0.38828125 0.1984375 0.128125
6 0.321875 0.58125 0.16875 0.1
6 0.4765625 0.75234375 0.1640625 0.09375
6 0.38203125 0.6609375 0.1859375 0.0984375
6 0.48984375 0.62421875 0.1359375 0.0859375
6 0.5171875 0.553125 0.121875 0.065625
6 0.42109375 0.56640625 0.1234375 0.075
6 0.4125 0.17578125 0.1828125 0.0859375
6 0.578125 0.015625 0.171875 0.03125
6 0.5359375 0.2 0.171875 0.096875
6 0.51796875 0.71015625 0.1609375 0.0875
5 0.65625 0.12734375 0.146875 0.084375
4 0.45 0.64921875 0.0515625 0.0375