6 0.22265625 0.51328125 0.078125 0.15
6 0.3890625 0.3390625 0.096875 0.18125
3 0.32265625 0.55 0.0609375 0.1328125
6 0.26484375 0.60859375 0.075 0.1375
6 0.33671875 0.68828125 0.0578125 0.1046875
6 0.35546875 0.63984375 0.075 0.0953125
6 0.40703125 0.72734375 0.075 0.109375
6 0.4578125 0.68515625 0.078125 0.128125
6 0.425 0.64921875 0.0609375 0.1234375
6 0.57109375 0.62265625 0.0546875 0.134375
6 0.52578125 0.55859375 0.0578125 0.1359375
6 0.696875 0.4078125 0.084375 0.1671875
6 0.959375 0.3765625 0.08125 0.178125
6 0.92890625 0.57734375 0.078125 0.165625
6 0.97421875 0.5828125 0.0515625 0.165625
6 0.80234375 0.63515625 0.078125 0.15
6 0.77890625 0.6640625 0.059375 0.1109375
6 0.74375 0.60546875 0.075 0.153125
6 0.68828125 0.675 0.0703125 0.1390625