6 0.55078125 0.82890625 0.1234375 0.0453125
6 0.546875 0.68203125 0.1265625 0.0328125
6 0.53046875 0.7078125 0.0984375 0.0390625
6 0.53828125 0.63125 0.1453125 0.0359375
6 0.46796875 0.56796875 0.1 0.0359375
5 0.4046875 0.5578125 0.078125 0.0375
6 0.415625 0.42734375 0.0921875 0.0296875
6 0.58203125 0.475 0.140625 0.0421875
6 0.52734375 0.41015625 0.11875 0.0640625
6 0.4109375 0.34765625 0.09375 0.0390625
6 0.4578125 0.25 0.11875 0.0265625
6 0.39453125 0.296875 0.1046875 0.0265625
3 0.62734375 0.34765625 0.140625 0.0578125
6 0.41015625 0.12265625 0.1171875 0.0390625
6 0.3828125 0.0859375 0.109375 0.025
4 0.57109375 0.7859375 0.03125 0.0203125