6 0.53515625 0.97421875 0.0703125 0.0515625
3 0.596875 0.87421875 0.078125 0.078125
6 0.57578125 0.82890625 0.1265625 0.0453125
6 0.4875 0.740625 0.075 0.075
6 0.52578125 0.703125 0.071875 0.071875
6 0.5609375 0.6765625 0.075 0.078125
6 0.4609375 0.665625 0.1015625 0.0390625
6 0.53671875 0.64921875 0.071875 0.071875
6 0.5578125 0.55546875 0.06875 0.0703125
6 0.571875 0.51875 0.071875 0.075
6 0.584375 0.4921875 0.075 0.0734375
6 0.609375 0.453125 0.075 0.075
6 0.69609375 0.46484375 0.090625 0.090625
6 0.621875 0.346875 0.0921875 0.0921875
5 0.54921875 0.36796875 0.065625 0.0671875