5 0.63984375 0.17109375 0.065625 0.1421875
6 0.82421875 0.16953125 0.071875 0.1515625
3 0.91484375 0.4546875 0.0703125 0.14375
6 0.79140625 0.4890625 0.06875 0.1640625
6 0.82578125 0.60078125 0.0828125 0.184375
6 0.55625 0.3875 0.05625 0.134375
6 0.6140625 0.53984375 0.0703125 0.128125
4 0.69375 0.6671875 0.0390625 0.0609375
6 0.625 0.66640625 0.0765625 0.15625
6 0.55390625 0.69921875 0.075 0.15
6 0.41640625 0.64140625 0.071875 0.15
6 0.35859375 0.66015625 0.0765625 0.1578125
6 0.365625 0.7171875 0.08125 0.1453125
6 0.24765625 0.58515625 0.084375 0.171875
6 0.2296875 0.67578125 0.0734375 0.16875