5 0.18359375 0.4203125 0.0359375 0.1078125
3 0.33671875 0.31015625 0.028125 0.10625
6 0.58671875 0.43671875 0.0515625 0.121875
6 0.7203125 0.33359375 0.034375 0.08125
3 0.7515625 0.56953125 0.040625 0.1984375
6 0.81875 0.38203125 0.0375 0.10625
6 0.8671875 0.378125 0.0390625 0.11875
6 0.7796875 0.52109375 0.0515625 0.16875
6 0.840625 0.553125 0.071875 0.1875
6 0.9328125 0.4296875 0.06875 0.1453125
6 0.90703125 0.49375 0.06875 0.1359375
6 0.98125 0.390625 0.0375 0.078125
6 0.97421875 0.43984375 0.05 0.15
6 0.84765625 0.41484375 0.04375 0.0890625
6 0.815625 0.459375 0.0515625 0.1046875