4 0.715625 0.6953125 0.1234375 0.065625
6 0.64921875 0.48203125 0.6171875 0.2671875
6 0.41796875 0.4484375 0.096875 0.046875
6 0.40078125 0.6765625 0.040625 0.0171875
6 0.3953125 0.7171875 0.0421875 0.0171875
6 0.4484375 0.59453125 0.3078125 0.06875
6 0.40859375 0.6203125 0.0640625 0.0203125
6 0.4046875 0.6375 0.0546875 0.01875
6 0.40234375 0.67734375 0.0515625 0.0234375
6 0.38828125 0.865625 0.0796875 0.0265625
3 0.39609375 0.946875 0.1328125 0.0359375
6 0.39140625 0.9796875 0.1171875 0.0359375
6 0.4078125 0.8046875 0.1109375 0.0359375
6 0.4359375 0.771875 0.2296875 0.0640625
6 0.4015625 0.7484375 0.1078125 0.034375