6 0.6375 0.08671875 0.0640625 0.0640625
6 0.525 0.09609375 0.0546875 0.05625
6 0.28046875 0.07890625 0.134375 0.0671875
6 0.04375 0.2 0.06875 0.06875
6 0.44375 0.2 0.0734375 0.075
6 0.48203125 0.2671875 0.071875 0.0703125
6 0.77734375 0.30859375 0.065625 0.065625
6 0.575 0.4109375 0.0609375 0.0625
3 0.5359375 0.31484375 0.0734375 0.0734375
6 0.29296875 0.5796875 0.09375 0.046875
6 0.07890625 0.521875 0.078125 0.0765625
4 0.0875 0.3484375 0.0375 0.01875
3 0.48203125 0.93203125 0.059375 0.059375
5 0.834375 0.77109375 0.034375 0.0359375
6 0.7109375 0.63046875 0.040625 0.0390625
6 0.67734375 0.59765625 0.0484375 0.0484375
6 0.66328125 0.5109375 0.0546875 0.0546875
6 0.7953125 0.42265625 0.034375 0.034375
3 0.796875 0.07109375 0.0328125 0.0328125
5 0.2421875 0.85625 0.115625 0.0359375
5 0.42109375 0.97890625 0.090625 0.0359375
6 0.096875 0.85703125 0.0890625 0.0875