6 0.74375 0.36640625 0.065625 0.1484375
6 0.6703125 0.59609375 0.0796875 0.18125
3 0.6375 0.37734375 0.046875 0.134375
6 0.6640625 0.29921875 0.0625 0.1359375
6 0.56484375 0.259375 0.0484375 0.1046875
6 0.56875 0.3109375 0.0671875 0.0921875
6 0.48359375 0.25546875 0.0671875 0.10625
6 0.45625 0.31484375 0.0671875 0.1265625
6 0.50234375 0.3328125 0.0484375 0.1234375
6 0.38203125 0.42109375 0.0421875 0.1359375
6 0.4515625 0.45859375 0.0453125 0.1359375
6 0.36328125 0.66953125 0.06875 0.1671875
6 0.1390625 0.81328125 0.0671875 0.178125
6 0.08046875 0.61875 0.0625 0.165625
6 0.02890625 0.63671875 0.053125 0.1671875
6 0.16875 0.5109375 0.065625 0.1484375
6 0.17734375 0.475 0.05 0.109375
6 0.234375 0.51171875 0.059375 0.153125
6 0.2546875 0.425 0.0578125 0.1390625