5 0.25859375 0.19453125 0.1234375 0.034375
4 0.6921875 0.71328125 0.03125 0.0140625
6 0.6390625 0.73203125 0.115625 0.0296875
6 0.56328125 0.70546875 0.0953125 0.0421875
6 0.540625 0.6875 0.0953125 0.0359375
6 0.64453125 0.68828125 0.1421875 0.0359375
6 0.5328125 0.61171875 0.1484375 0.04375
6 0.66484375 0.5984375 0.1734375 0.05625
6 0.58984375 0.50078125 0.1515625 0.0546875
6 0.5453125 0.38671875 0.1359375 0.04375
6 0.3921875 0.22421875 0.1203125 0.0421875
6 0.534375 0.18671875 0.1375 0.0390625
3 0.59296875 0.0953125 0.1390625 0.0375
6 0.29921875 0.0203125 0.1359375 0.0375