3 0.584375 0.4953125 0.0359375 0.1140625
6 0.44765625 0.41953125 0.0296875 0.096875
6 0.4078125 0.4 0.0265625 0.1
6 0.90546875 0.8828125 0.05625 0.1828125
6 0.77109375 0.3984375 0.025 0.0921875
6 0.1578125 0.44375 0.0328125 0.1328125
6 0.15234375 0.66015625 0.0453125 0.15
6 0.31328125 0.67734375 0.0359375 0.1296875
6 0.3546875 0.3453125 0.034375 0.1078125
6 0.484375 0.5828125 0.040625 0.11875
6 0.9734375 0.59296875 0.0328125 0.128125
3 0.51328125 0.22578125 0.0375 0.10625
6 0.58828125 0.3265625 0.0328125 0.0921875
4 0.56796875 0.33671875 0.0125 0.0203125