5 0.434375 0.10078125 0.109375 0.05
3 0.215625 0.82109375 0.0875 0.025
3 0.56875 0.80078125 0.1625 0.03125
6 0.44375 0.35859375 0.10625 0.028125
6 0.45078125 0.40546875 0.10625 0.028125
6 0.3796875 0.51015625 0.11875 0.028125
6 0.31875 0.6375 0.09375 0.03125
6 0.33984375 0.678125 0.109375 0.028125
6 0.2953125 0.87890625 0.0984375 0.03125
6 0.43125 0.96640625 0.1375 0.03125
6 0.54453125 0.86328125 0.1484375 0.040625
6 0.54375 0.64921875 0.13125 0.034375
6 0.52421875 0.68203125 0.125 0.0375
6 0.740625 0.44921875 0.1890625 0.034375
6 0.834375 0.32890625 0.153125 0.040625
6 0.690625 0.1578125 0.1515625 0.04375
6 0.53046875 0.3625 0.14375 0.046875
4 0.5328125 0.66171875 0.015625 0.015625