6 0.4421875 0.23984375 0.14375 0.0765625
6 0.47265625 0.43359375 0.109375 0.05
3 0.4625 0.73984375 0.125 0.065625
6 0.5578125 0.45 0.109375 0.04375
6 0.3859375 0.6578125 0.11875 0.053125
6 0.56953125 0.56953125 0.1015625 0.046875
6 0.6015625 0.71171875 0.1109375 0.0375
6 0.6546875 0.8296875 0.078125 0.034375
6 0.5171875 0.7828125 0.1171875 0.04375
6 0.534375 0.8171875 0.0921875 0.053125
6 0.24609375 0.89375 0.15 0.053125
6 0.5921875 0.98828125 0.096875 0.0234375
5 0.7046875 0.32265625 0.0390625 0.0375