5 0.47109375 0.6640625 0.0890625 0.0625
6 0.24140625 0.5625 0.1609375 0.0703125
6 0.3140625 0.43359375 0.1484375 0.071875
6 0.46796875 0.42265625 0.13125 0.0546875
6 0.4203125 0.303125 0.1578125 0.078125
6 0.53984375 0.29375 0.1203125 0.0453125
6 0.61328125 0.23125 0.121875 0.0546875
6 0.284375 0.51171875 0.1078125 0.046875
6 0.35078125 0.1078125 0.15 0.06875
6 0.5953125 0.04921875 0.1296875 0.065625
3 0.82265625 0.1734375 0.0703125 0.04375
3 0.25390625 0.3046875 0.165625 0.0921875
6 0.37734375 0.52265625 0.0796875 0.046875