6 0.4375 0.02890625 0.0875 0.0578125
6 0.48828125 0.22109375 0.1 0.025
6 0.31953125 0.58828125 0.0875 0.0875
6 0.37421875 0.4078125 0.075 0.075
6 0.4953125 0.31015625 0.0921875 0.034375
6 0.46484375 0.38046875 0.0640625 0.0625
6 0.4640625 0.40703125 0.0578125 0.05625
6 0.48046875 0.44296875 0.0859375 0.0140625
6 0.4640625 0.49296875 0.0640625 0.065625
6 0.42421875 0.521875 0.0640625 0.0640625
6 0.4578125 0.5375 0.0515625 0.0515625
6 0.46640625 0.59765625 0.0875 0.021875
6 0.4296875 0.6296875 0.084375 0.0234375
6 0.39921875 0.63671875 0.065625 0.065625
5 0.465625 0.67421875 0.0875 0.034375
3 0.40703125 0.23828125 0.05625 0.05625
6 0.29375 0.184375 0.08125 0.08125