6 0.73984375 0.1671875 0.1171875 0.071875
6 0.70859375 0.20390625 0.0984375 0.0640625
6 0.65703125 0.23359375 0.0875 0.0546875
6 0.403125 0.096875 0.1546875 0.0859375
6 0.5046875 0.2265625 0.153125 0.0796875
6 0.5 0.153125 0.0984375 0.053125
6 0.5546875 0.26875 0.1171875 0.0546875
6 0.56015625 0.30625 0.1296875 0.08125
6 0.33984375 0.30078125 0.1453125 0.078125
6 0.24765625 0.328125 0.1703125 0.0984375
6 0.4109375 0.43046875 0.171875 0.0875
6 0.28203125 0.46875 0.140625 0.0828125
6 0.4625 0.378125 0.109375 0.0671875
3 0.55234375 0.13828125 0.14375 0.065625
6 0.3546875 0.59375 0.1609375 0.0890625
5 0.42421875 0.69765625 0.0984375 0.075