6 0.421875 0.475 0.0625 0.0734375
6 0.36015625 0.51953125 0.0453125 0.1390625
6 0.28828125 0.5078125 0.0515625 0.14375
6 0.59296875 0.57109375 0.0265625 0.1515625
6 0.57734375 0.54375 0.0296875 0.140625
6 0.5703125 0.4328125 0.01875 0.1125
6 0.62265625 0.42578125 0.021875 0.10625
6 0.615625 0.38046875 0.0171875 0.10625
6 0.63984375 0.41875 0.015625 0.109375
6 0.67890625 0.36796875 0.01875 0.1046875
6 0.22421875 0.4640625 0.0375 0.115625
6 0.1734375 0.45 0.0328125 0.10625
3 0.2109375 0.63125 0.0515625 0.1671875
6 0.765625 0.37421875 0.04375 0.1109375