6 0.59453125 0.51875 0.1359375 0.08125
6 0.57734375 0.30234375 0.1265625 0.0671875
6 0.625 0.2125 0.1234375 0.075
6 0.75546875 0.103125 0.1359375 0.0703125
6 0.6609375 0.06015625 0.121875 0.0671875
6 0.60546875 0.41015625 0.146875 0.08125
6 0.6046875 0.45 0.1265625 0.06875
6 0.53828125 0.2578125 0.1109375 0.0609375
6 0.53984375 0.1484375 0.1078125 0.065625
6 0.53671875 0.1109375 0.109375 0.06875
6 0.52421875 0.07734375 0.103125 0.0703125
5 0.459375 0.4828125 0.075 0.046875
4 0.5359375 0.6265625 0.0234375 0.0140625
3 0.53984375 0.01328125 0.1078125 0.0265625