3 0.80546875 0.5421875 0.0703125 0.1984375
6 0.553125 0.28515625 0.05 0.1140625
6 0.5140625 0.19375 0.06875 0.1359375
4 0.46328125 0.1734375 0.028125 0.0921875
6 0.69375 0.57890625 0.0828125 0.1546875
6 0.82734375 0.70390625 0.0546875 0.125
6 0.721875 0.6765625 0.05 0.1359375
6 0.6671875 0.69609375 0.0546875 0.1421875
6 0.5859375 0.58671875 0.046875 0.134375
6 0.5578125 0.6453125 0.0515625 0.1453125
6 0.4453125 0.52578125 0.0546875 0.146875
6 0.4984375 0.528125 0.0671875 0.1546875
6 0.50234375 0.60546875 0.0546875 0.1265625
5 0.37421875 0.64765625 0.0953125 0.153125