6 0.36015625 0.6375 0.05625 0.19375
6 0.5625 0.61484375 0.053125 0.1984375
6 0.603125 0.44453125 0.0359375 0.16875
6 0.7203125 0.38515625 0.028125 0.140625
6 0.678125 0.29609375 0.025 0.1265625
6 0.778125 0.29453125 0.0203125 0.13125
6 0.559375 0.37890625 0.0296875 0.0671875
6 0.35 0.37421875 0.046875 0.1390625
6 0.3015625 0.39609375 0.034375 0.146875
6 0.2 0.4109375 0.0375 0.146875
5 0.49921875 0.396875 0.053125 0.0796875
6 0.89140625 0.5453125 0.040625 0.171875
3 0.94609375 0.4546875 0.059375 0.1640625
6 0.9515625 0.36171875 0.04375 0.09375