1 0.77578125 0.87109375 0.1546875 0.0375
1 0.5828125 0.6484375 0.14375 0.0265625
1 0.54453125 0.6140625 0.11875 0.0265625
1 0.51796875 0.56171875 0.1203125 0.034375
1 0.57265625 0.53671875 0.1296875 0.040625
1 0.4796875 0.5140625 0.115625 0.0265625
1 0.51796875 0.4875 0.121875 0.0296875
1 0.475 0.47109375 0.115625 0.028125
1 0.4734375 0.42734375 0.1046875 0.028125
1 0.4140625 0.4328125 0.06875 0.0234375
1 0.421875 0.40078125 0.109375 0.028125
1 0.4796875 0.2984375 0.1109375 0.034375
1 0.69765625 0.47421875 0.1328125 0.0328125
1 0.61484375 0.44921875 0.109375 0.03125
1 0.71328125 0.26328125 0.1265625 0.0390625
1 0.8015625 0.80390625 0.1515625 0.0375
1 0.45625 0.84765625 0.115625 0.0359375