6 0.44453125 0.0390625 0.1015625 0.0296875
6 0.315625 0.18515625 0.0796875 0.034375
6 0.16953125 0.94765625 0.11875 0.0609375
3 0.40078125 0.240625 0.084375 0.0359375
6 0.5078125 0.24375 0.0734375 0.028125
6 0.36953125 0.3859375 0.0515625 0.0515625
6 0.44453125 0.3828125 0.0640625 0.0625
6 0.465625 0.3984375 0.053125 0.0546875
6 0.46640625 0.44140625 0.0640625 0.0625
6 0.38984375 0.47265625 0.0578125 0.0609375
6 0.4265625 0.48671875 0.06875 0.06875
6 0.453125 0.5046875 0.0890625 0.0328125
6 0.41171875 0.515625 0.059375 0.059375
6 0.4015625 0.5265625 0.05625 0.05625
6 0.45234375 0.58046875 0.0609375 0.0609375
6 0.41171875 0.59140625 0.096875 0.028125
6 0.39765625 0.67109375 0.065625 0.065625
6 0.328125 0.584375 0.06875 0.0703125
6 0.309375 0.37890625 0.0234375 0.0234375
6 0.45859375 0.2203125 0.046875 0.0421875
6 0.4515625 0.26484375 0.0515625 0.05
5 0.446875 0.69375 0.0578125 0.0578125