6 0.54140625 0.63984375 0.1046875 0.0484375
6 0.7265625 0.58203125 0.1296875 0.0609375
6 0.6984375 0.64296875 0.1234375 0.0578125
6 0.64765625 0.74453125 0.1171875 0.0484375
6 0.67578125 0.890625 0.1015625 0.0359375
6 0.5609375 0.91796875 0.1015625 0.0359375
6 0.6328125 0.86171875 0.1 0.0390625
6 0.58046875 0.88984375 0.090625 0.0359375
6 0.54453125 0.84921875 0.0984375 0.03125
6 0.64375 0.6546875 0.1125 0.0484375
5 0.43671875 0.3078125 0.109375 0.0546875
4 0.57265625 0.590625 0.0265625 0.0203125