5 0.475 0.659375 0.2046875 0.0859375
6 0.5609375 0.7 0.1328125 0.0421875
6 0.54765625 0.67578125 0.1046875 0.0390625
6 0.5625 0.62890625 0.13125 0.0421875
6 0.5328125 0.58828125 0.19375 0.0546875
6 0.5125 0.53359375 0.171875 0.0515625
4 0.45703125 0.5015625 0.05 0.0265625
6 0.54453125 0.47734375 0.128125 0.05
6 0.4984375 0.40546875 0.175 0.0609375
6 0.44140625 0.3328125 0.3359375 0.103125
6 0.4578125 0.06640625 0.1984375 0.1
6 0.41484375 0.03046875 0.3484375 0.0609375
6 0.54140625 0.19140625 0.0609375 0.021875
6 0.5515625 0.2046875 0.0390625 0.01875
6 0.55 0.18046875 0.040625 0.0171875
6 0.534375 0.14296875 0.0671875 0.028125
6 0.5421875 0.0703125 0.0359375 0.01875
3 0.56171875 0.36953125 0.078125 0.0359375