6 0.675 0.453125 0.103125 0.0625
6 0.6453125 0.346875 0.10625 0.0546875
6 0.540625 0.5078125 0.109375 0.075
6 0.4125 0.58671875 0.1140625 0.0640625
6 0.246875 0.4859375 0.140625 0.0796875
6 0.48515625 0.6 0.1203125 0.0703125
6 0.72890625 0.3265625 0.1109375 0.06875
6 0.82578125 0.2515625 0.109375 0.0609375
6 0.76640625 0.14375 0.11875 0.065625
6 0.74609375 0.1984375 0.121875 0.0671875
6 0.43828125 0.64296875 0.125 0.078125
6 0.684375 0.35703125 0.0921875 0.0640625
4 0.6140625 0.47109375 0.021875 0.0203125
5 0.5078125 0.7578125 0.109375 0.0765625