6 0.44921875 0.93515625 0.10625 0.1046875
3 0.57890625 0.7328125 0.08125 0.08125
6 0.7484375 0.7015625 0.1859375 0.053125
6 0.80546875 0.6265625 0.1015625 0.1015625
6 0.634375 0.61640625 0.15 0.0390625
6 0.51875 0.590625 0.11875 0.065625
6 0.45625 0.46796875 0.0703125 0.06875
6 0.46484375 0.4375 0.0875 0.0875
6 0.56015625 0.4390625 0.08125 0.0796875
6 0.5125 0.3390625 0.0953125 0.096875
6 0.7296875 0.29921875 0.15625 0.0453125
6 0.54921875 0.2203125 0.0953125 0.096875
6 0.7171875 0.12890625 0.1046875 0.10625
6 0.65859375 0.06796875 0.0875 0.0875
6 0.6546875 0.04765625 0.0734375 0.0734375
4 0.3859375 0.50390625 0.0203125 0.0203125