5 0.76953125 0.3734375 0.0734375 0.109375
3 0.1421875 0.34375 0.071875 0.140625
6 0.546875 0.45234375 0.0609375 0.1078125
6 0.3453125 0.21484375 0.0640625 0.1140625
6 0.17421875 0.39921875 0.0640625 0.11875
6 0.57265625 0.459375 0.0671875 0.115625
6 0.12265625 0.5546875 0.0953125 0.18125
6 0.37109375 0.26796875 0.0640625 0.11875
6 0.36640625 0.48046875 0.0796875 0.14375
6 0.01328125 0.575 0.0265625 0.178125
6 0.32421875 0.43203125 0.0765625 0.1421875
6 0.48046875 0.41015625 0.0734375 0.121875
6 0.4578125 0.3140625 0.065625 0.1140625
6 0.39609375 0.3734375 0.0640625 0.1203125
6 0.2015625 0.2921875 0.0640625 0.1203125
4 0.60546875 0.5078125 0.0203125 0.028125
4 0.60234375 0.50625 0.0296875 0.0390625