4 0.71484375 0.478125 0.0390625 0.0296875
6 0.75625 0.38984375 0.1390625 0.0390625
6 0.7 0.221875 0.1265625 0.0375
6 0.62265625 0.234375 0.1359375 0.040625
3 0.61015625 0.32421875 0.140625 0.0421875
6 0.39296875 0.3296875 0.178125 0.059375
6 0.52109375 0.503125 0.1453125 0.0359375
6 0.69609375 0.41875 0.1078125 0.0375
6 0.71875 0.44765625 0.1109375 0.03125
6 0.71484375 0.51484375 0.1 0.0296875
6 0.653125 0.51328125 0.128125 0.05625
6 0.596875 0.5875 0.1390625 0.0328125
6 0.36171875 0.66640625 0.1640625 0.0453125
6 0.609375 0.72734375 0.1265625 0.0375
6 0.5203125 0.76171875 0.1359375 0.05
6 0.55625 0.7984375 0.1578125 0.0453125
6 0.55390625 0.83203125 0.1578125 0.0546875
6 0.4484375 0.925 0.1515625 0.04375
6 0.4265625 0.98203125 0.165625 0.0359375
6 0.2671875 0.85625 0.1890625 0.0578125