6 0.25625 0.3109375 0.0421875 0.1109375
6 0.21328125 0.30546875 0.046875 0.11875
3 0.171875 0.4421875 0.0453125 0.1125
6 0.19921875 0.48671875 0.0734375 0.1125
6 0.03671875 0.74921875 0.0453125 0.18125
6 0.42421875 0.38203125 0.053125 0.0984375
6 0.46328125 0.240625 0.059375 0.103125
6 0.42421875 0.26171875 0.0453125 0.109375
6 0.66171875 0.29765625 0.05625 0.0953125
6 0.71328125 0.3171875 0.0421875 0.1078125
6 0.77578125 0.40859375 0.06875 0.11875
6 0.72265625 0.5421875 0.0640625 0.140625
6 0.834375 0.6125 0.0515625 0.1421875