6 0.5046875 0.72265625 0.059375 0.18125
6 0.69609375 0.62578125 0.059375 0.18125
6 0.63359375 0.5671875 0.03125 0.115625
6 0.38828125 0.484375 0.059375 0.121875
6 0.30625 0.55078125 0.0453125 0.1390625
6 0.225 0.62109375 0.0640625 0.1359375
3 0.15 0.60546875 0.034375 0.1375
6 0.1484375 0.484375 0.0484375 0.1015625
6 0.2203125 0.42109375 0.0390625 0.109375
6 0.0265625 0.384375 0.046875 0.146875
6 0.746875 0.521875 0.0640625 0.140625
6 0.80234375 0.54296875 0.0484375 0.1296875
5 0.16796875 0.32734375 0.0546875 0.1203125