3 0.828125 0.49296875 0.090625 0.1578125
6 0.93828125 0.559375 0.1015625 0.18125
6 0.9 0.409375 0.109375 0.14375
6 0.6671875 0.403125 0.071875 0.128125
6 0.64765625 0.44921875 0.0796875 0.1421875
6 0.5765625 0.60234375 0.1125 0.1796875
6 0.503125 0.5953125 0.1203125 0.196875
6 0.40859375 0.5609375 0.1265625 0.1578125
6 0.40546875 0.68125 0.084375 0.1390625
6 0.309375 0.74296875 0.1140625 0.165625
5 0.340625 0.653125 0.08125 0.1359375
6 0.9203125 0.234375 0.0734375 0.1328125
6 0.91953125 0.31875 0.06875 0.11875