6 0.27890625 0.978125 0.0953125 0.04375
6 0.24375 0.790625 0.1015625 0.159375
6 0.4046875 0.84921875 0.1125 0.2125
6 0.5375 0.8265625 0.078125 0.1296875
6 0.52421875 0.67265625 0.0640625 0.10625
6 0.57890625 0.7 0.0625 0.10625
6 0.646875 0.63359375 0.0859375 0.11875
6 0.67734375 0.59921875 0.0875 0.1375
6 0.57734375 0.546875 0.075 0.1203125
6 0.46953125 0.53203125 0.0890625 0.1359375
6 0.22265625 0.57890625 0.0671875 0.10625
5 0.62109375 0.43984375 0.071875 0.109375
6 0.46640625 0.48203125 0.0515625 0.0953125