1 0.59375 0.77109375 0.090625 0.0453125
1 0.59140625 0.721875 0.096875 0.0171875
1 0.8125 0.66875 0.1109375 0.0296875
1 0.8453125 0.60703125 0.1125 0.04375
1 0.60078125 0.6078125 0.1078125 0.0390625
1 0.4859375 0.61953125 0.0796875 0.0234375
1 0.3015625 0.6453125 0.08125 0.021875
1 0.32578125 0.62578125 0.0640625 0.0234375
1 0.2359375 0.49375 0.0671875 0.0203125
1 0.30625 0.43984375 0.075 0.0234375
1 0.32578125 0.3765625 0.0734375 0.01875
1 0.24375 0.26484375 0.075 0.0171875
1 0.43515625 0.21171875 0.0875 0.021875
1 0.3796875 0.18046875 0.084375 0.0265625
1 0.66328125 0.2375 0.11875 0.0234375
1 0.5375 0.26484375 0.10625 0.0234375
1 0.73125 0.10234375 0.1328125 0.0375
1 0.44609375 0.7578125 0.0796875 0.0296875
1 0.38828125 0.76640625 0.0609375 0.028125