6 0.35859375 0.57421875 0.075 0.184375
6 0.521875 0.69453125 0.053125 0.159375
6 0.7328125 0.6 0.0484375 0.15625
6 0.61640625 0.66171875 0.0453125 0.18125
6 0.61484375 0.54765625 0.0484375 0.1265625
6 0.55625 0.5 0.0296875 0.1171875
6 0.5390625 0.5953125 0.040625 0.1171875
6 0.16484375 0.4828125 0.03125 0.18125
6 0.0328125 0.265625 0.0484375 0.165625
6 0.22578125 0.3734375 0.0484375 0.165625
6 0.70546875 0.54765625 0.040625 0.15625
5 0.19375 0.2359375 0.04375 0.1390625
4 0.6265625 0.59375 0.025 0.046875