6 0.365625 0.5875 0.10625 0.053125
3 0.459375 0.28984375 0.1203125 0.059375
6 0.31640625 0.41875 0.0953125 0.046875
6 0.74140625 0.7109375 0.1578125 0.071875
6 0.5625 0.18125 0.1390625 0.06875
6 0.29921875 0.3796875 0.084375 0.0421875
6 0.740625 0.3140625 0.1625 0.078125
6 0.43828125 0.47421875 0.1140625 0.0546875
3 0.19609375 0.4765625 0.078125 0.0390625
6 0.54140625 0.78671875 0.125 0.0578125
6 0.45234375 0.6625 0.1125 0.053125
6 0.2703125 0.35546875 0.0796875 0.0375
6 0.33125 0.16953125 0.11875 0.053125
4 0.31328125 0.35625 0.0171875 0.0109375