6 0.12421875 0.1015625 0.0703125 0.1359375
6 0.05234375 0.31953125 0.0578125 0.11875
6 0.18125 0.44765625 0.05625 0.1078125
6 0.29296875 0.3078125 0.0671875 0.134375
6 0.33671875 0.45 0.0875 0.146875
6 0.3765625 0.525 0.0546875 0.1109375
6 0.30859375 0.63203125 0.046875 0.09375
6 0.52265625 0.51328125 0.0609375 0.0984375
6 0.47109375 0.57421875 0.059375 0.1125
6 0.3609375 0.61328125 0.0546875 0.096875
6 0.634375 0.403125 0.0640625 0.15
6 0.7421875 0.37578125 0.0734375 0.16875
6 0.60859375 0.26953125 0.0734375 0.1375
6 0.596875 0.33828125 0.0546875 0.1109375
6 0.6578125 0.459375 0.0671875 0.1234375
5 0.88359375 0.56328125 0.078125 0.1328125
3 0.2421875 0.4359375 0.0765625 0.1265625