6 0.44921875 0.59375 0.0390625 0.1328125
6 0.04296875 0.76484375 0.0453125 0.16875
6 0.628125 0.521875 0.0359375 0.128125
6 0.67421875 0.48203125 0.0328125 0.1234375
6 0.71328125 0.51328125 0.028125 0.1171875
6 0.35 0.34140625 0.0359375 0.0921875
6 0.25703125 0.33359375 0.03125 0.103125
6 0.2921875 0.31171875 0.021875 0.08125
6 0.13125 0.409375 0.0296875 0.1078125
6 0.1625 0.29140625 0.021875 0.078125
4 0.18125 0.32265625 0.0140625 0.034375
3 0.15078125 0.3859375 0.0265625 0.1
5 0.99140625 0.4390625 0.0171875 0.1375