6 0.203125 0.45234375 0.0484375 0.0828125
6 0.1359375 0.71484375 0.075 0.128125
6 0.29296875 0.56171875 0.0546875 0.078125
6 0.28515625 0.64609375 0.0546875 0.0875
6 0.38984375 0.50390625 0.0546875 0.0921875
6 0.3578125 0.40390625 0.05 0.0875
6 0.4171875 0.4875 0.0515625 0.075
6 0.60078125 0.48984375 0.04375 0.071875
6 0.63671875 0.56796875 0.0484375 0.0765625
6 0.49375 0.63828125 0.06875 0.1375
3 0.46640625 0.6171875 0.046875 0.09375
6 0.47734375 0.5171875 0.046875 0.084375
6 0.52109375 0.41484375 0.03125 0.0484375
6 0.66953125 0.653125 0.06875 0.1046875
6 0.69765625 0.5875 0.0453125 0.0921875
6 0.7828125 0.5140625 0.05625 0.0734375
6 0.72578125 0.84296875 0.0953125 0.165625
3 0.46796875 0.93984375 0.0796875 0.1203125