6 0.06171875 0.4875 0.1140625 0.115625
3 0.275 0.59921875 0.0875 0.0875
6 0.32109375 0.76484375 0.06875 0.1890625
6 0.40078125 0.815625 0.1109375 0.109375
6 0.39609375 0.64375 0.0515625 0.153125
6 0.41171875 0.5265625 0.075 0.1234375
6 0.528125 0.45390625 0.075 0.075
6 0.559375 0.459375 0.0953125 0.0953125
6 0.565625 0.5546875 0.0859375 0.0875
6 0.66171875 0.4984375 0.1046875 0.103125
6 0.7203125 0.7109375 0.059375 0.159375
6 0.7828125 0.525 0.1046875 0.103125
6 0.88828125 0.684375 0.115625 0.1125
6 0.94453125 0.6203125 0.0953125 0.0953125
6 0.96171875 0.6140625 0.0765625 0.078125
4 0.4859375 0.38671875 0.021875 0.0234375