6 0.2234375 0.6015625 0.05 0.1421875
6 0.23515625 0.5203125 0.040625 0.0953125
6 0.3546875 0.6109375 0.0640625 0.1421875
4 0.4125 0.6328125 0.0296875 0.05
6 0.4515625 0.5234375 0.05625 0.1203125
6 0.4421875 0.68203125 0.04375 0.1484375
6 0.615625 0.51875 0.0359375 0.1546875
6 0.51796875 0.4875 0.040625 0.1296875
6 0.7765625 0.36875 0.05 0.1453125
6 0.83515625 0.46328125 0.034375 0.1171875
6 0.9625 0.275 0.05 0.1484375
3 0.8625 0.56640625 0.0390625 0.1515625
5 0.81953125 0.2390625 0.059375 0.1140625