5 0.54453125 0.33671875 0.0421875 0.121875
6 0.075 0.49765625 0.05 0.146875
6 0.49609375 0.925 0.0953125 0.15
6 0.74296875 0.6484375 0.0484375 0.13125
6 0.58828125 0.70078125 0.05 0.14375
6 0.59140625 0.58984375 0.04375 0.0953125
6 0.703125 0.553125 0.0484375 0.140625
6 0.6796875 0.4875 0.0328125 0.1
4 0.66328125 0.540625 0.01875 0.05
6 0.4953125 0.56484375 0.04375 0.1609375
6 0.37109375 0.41328125 0.0484375 0.134375
6 0.23984375 0.35703125 0.0546875 0.15
6 0.028125 0.321875 0.0421875 0.13125
3 0.259375 0.61484375 0.059375 0.1640625
6 0.2984375 0.7953125 0.0453125 0.1703125
6 0.33828125 0.77890625 0.053125 0.1765625
6 0.57578125 0.48203125 0.0578125 0.1265625
6 0.5265625 0.52578125 0.0296875 0.134375