5 0.6765625 0.57109375 0.075 0.1359375
3 0.77890625 0.2859375 0.1046875 0.184375
4 0.43671875 0.35859375 0.028125 0.04375
6 0.2609375 0.34140625 0.0796875 0.146875
6 0.08671875 0.31875 0.0625 0.1078125
6 0.05078125 0.3234375 0.065625 0.1171875
6 0.08125 0.2828125 0.0828125 0.140625
6 0.36953125 0.1890625 0.0921875 0.1546875
6 0.4171875 0.23984375 0.08125 0.1609375
6 0.46796875 0.26015625 0.075 0.15
6 0.50859375 0.26484375 0.0828125 0.1328125
6 0.52578125 0.1796875 0.0828125 0.140625
3 0.26171875 0.57265625 0.0703125 0.128125