4 0.61875 0.634375 0.0328125 0.04375
6 0.7703125 0.6421875 0.053125 0.140625
6 0.6296875 0.44296875 0.0546875 0.153125
6 0.59765625 0.459375 0.0671875 0.1484375
6 0.6765625 0.15390625 0.0734375 0.2203125
6 0.33046875 0.5703125 0.0546875 0.1515625
6 0.24921875 0.71484375 0.046875 0.11875
6 0.24453125 0.7421875 0.0484375 0.125
6 0.20859375 0.7578125 0.0578125 0.1421875
6 0.04140625 0.70234375 0.053125 0.165625
6 0.16484375 0.56640625 0.0578125 0.146875
6 0.05859375 0.36015625 0.0578125 0.1734375
6 0.08984375 0.29453125 0.06875 0.1796875
6 0.47109375 0.7375 0.034375 0.1125
6 0.50078125 0.7515625 0.04375 0.09375