1 0.03828125 0.9015625 0.0453125 0.1578125
1 0.05 0.50625 0.034375 0.11875
1 0.18828125 0.34296875 0.0375 0.1140625
1 0.340625 0.3328125 0.034375 0.096875
1 0.44296875 0.30703125 0.0375 0.0828125
1 0.403125 0.47734375 0.0375 0.128125
1 0.46796875 0.44609375 0.0375 0.1171875
1 0.4921875 0.3109375 0.03125 0.0859375
1 0.66328125 0.39765625 0.0296875 0.1046875
1 0.74140625 0.303125 0.028125 0.075
1 0.82578125 0.415625 0.040625 0.0953125
1 0.90234375 0.43125 0.0375 0.109375
1 0.58515625 0.8609375 0.046875 0.1609375
1 0.99140625 0.5265625 0.0171875 0.1125
1 0.76015625 0.475 0.034375 0.1203125