1 0.41796875 0.01875 0.1125 0.0296875
1 0.4453125 0.1890625 0.0828125 0.028125
1 0.4359375 0.34765625 0.0953125 0.03125
1 0.440625 0.41328125 0.0828125 0.028125
1 0.40625 0.43125 0.0984375 0.0296875
1 0.23671875 0.23046875 0.1421875 0.0328125
1 0.425 0.50078125 0.1140625 0.0328125
1 0.4109375 0.528125 0.103125 0.03125
1 0.37734375 0.6109375 0.1046875 0.03125
1 0.4203125 0.62734375 0.109375 0.0265625
1 0.38359375 0.6453125 0.0984375 0.03125
1 0.2921875 0.7328125 0.1109375 0.03125
1 0.284375 0.58203125 0.115625 0.053125
1 0.134375 0.62734375 0.146875 0.046875
1 0.134375 0.7296875 0.1359375 0.0453125
1 0.43359375 0.7671875 0.1046875 0.0296875