6 0.89765625 0.75390625 0.0953125 0.1859375
6 0.76015625 0.5203125 0.0796875 0.13125
6 0.6796875 0.4203125 0.08125 0.125
6 0.69921875 0.35 0.05625 0.084375
6 0.6765625 0.30859375 0.0609375 0.0859375
6 0.60078125 0.25234375 0.075 0.11875
6 0.55625 0.1828125 0.046875 0.090625
6 0.53515625 0.19453125 0.05625 0.1
6 0.4375 0.5140625 0.0515625 0.0984375
6 0.3890625 0.4015625 0.059375 0.103125
6 0.3640625 0.3140625 0.046875 0.09375
6 0.23828125 0.315625 0.0484375 0.0796875
6 0.1421875 0.325 0.0359375 0.0703125
6 0.1296875 0.353125 0.0390625 0.0796875
6 0.06484375 0.39609375 0.0546875 0.0953125
6 0.1234375 0.69453125 0.06875 0.13125
3 0.496875 0.375 0.059375 0.103125