6 0.5046875 0.40859375 0.0625 0.1125
6 0.39921875 0.34921875 0.0609375 0.103125
6 0.43828125 0.4203125 0.065625 0.11875
3 0.1375 0.57421875 0.0625 0.1296875
6 0.5609375 0.49453125 0.0640625 0.1234375
5 0.725 0.21796875 0.0671875 0.1015625
6 0.615625 0.46640625 0.0671875 0.1265625
6 0.30859375 0.3703125 0.0625 0.1125
6 0.3078125 0.68984375 0.075 0.15625
6 0.465625 0.53359375 0.06875 0.1375
4 0.4015625 0.5390625 0.01875 0.0296875
6 0.13671875 0.47578125 0.059375 0.11875
6 0.28359375 0.32109375 0.053125 0.0953125
6 0.34296875 0.584375 0.0640625 0.109375
6 0.228125 0.8125 0.08125 0.1328125
4 0.4046875 0.53671875 0.0203125 0.0328125
6 0.31171875 0.52578125 0.053125 0.1015625