6 0.20703125 0.6 0.0703125 0.1953125
6 0.75078125 0.39140625 0.08125 0.1828125
6 0.91328125 0.14765625 0.0609375 0.159375
6 0.6078125 0.46328125 0.0734375 0.1953125
6 0.41953125 0.1515625 0.065625 0.1578125
6 0.43828125 0.4375 0.065625 0.1796875
6 0.503125 0.328125 0.071875 0.1734375
6 0.38359375 0.8171875 0.0875 0.178125
6 0.32578125 0.52734375 0.0765625 0.1703125
5 0.69296875 0.16875 0.0640625 0.1578125
6 0.61640625 0.375 0.0625 0.16875
4 0.38125 0.475 0.03125 0.053125
6 0.27265625 0.25078125 0.0640625 0.1703125
6 0.01875 0.57265625 0.0375 0.1578125
6 0.4984375 0.45703125 0.0609375 0.1765625