6 0.15625 0.6390625 0.0421875 0.1296875
6 0.053125 0.42734375 0.05 0.1203125
6 0.35625 0.3953125 0.0390625 0.1046875
6 0.37421875 0.30703125 0.0328125 0.1015625
6 0.484375 0.3484375 0.025 0.09375
6 0.440625 0.478125 0.03125 0.0984375
6 0.66640625 0.57109375 0.03125 0.1046875
6 0.60625 0.403125 0.0390625 0.0953125
6 0.6828125 0.3734375 0.0265625 0.0984375
6 0.77109375 0.4953125 0.0421875 0.1140625
6 0.76484375 0.6125 0.0265625 0.1265625
6 0.6921875 0.5125 0.01875 0.09375
4 0.39375 0.35703125 0.0109375 0.015625
3 0.1 0.44296875 0.0375 0.10625