6 0.20390625 0.0390625 0.1296875 0.040625
6 0.43359375 0.021875 0.1140625 0.0296875
6 0.5265625 0.178125 0.1015625 0.0328125
6 0.3640625 0.25234375 0.1296875 0.0375
6 0.490625 0.3296875 0.1359375 0.05625
6 0.55390625 0.3859375 0.1078125 0.0296875
6 0.67421875 0.34609375 0.090625 0.025
6 0.5078125 0.525 0.090625 0.040625
6 0.57890625 0.48984375 0.1078125 0.034375
6 0.64375 0.3921875 0.090625 0.034375
6 0.3734375 0.60703125 0.1484375 0.0296875
6 0.32109375 0.7046875 0.165625 0.034375
6 0.25 0.54921875 0.1296875 0.04375
6 0.31953125 0.5546875 0.1078125 0.0296875
6 0.42265625 0.64296875 0.1171875 0.040625
5 0.46875 0.8875 0.1234375 0.0484375
3 0.5 0.234375 0.1171875 0.0484375