3 0.18671875 0.634375 0.090625 0.15
6 0.4109375 0.54453125 0.0921875 0.1453125
6 0.33125 0.3984375 0.0765625 0.121875
6 0.371875 0.44296875 0.0609375 0.0984375
6 0.37578125 0.353125 0.06875 0.0890625
6 0.3734375 0.38203125 0.05 0.0625
6 0.4015625 0.41171875 0.0640625 0.09375
6 0.49921875 0.40546875 0.06875 0.121875
6 0.4578125 0.36484375 0.06875 0.121875
6 0.56015625 0.40234375 0.065625 0.103125
6 0.6046875 0.47421875 0.1 0.1296875
6 0.67109375 0.4390625 0.065625 0.1125
6 0.70390625 0.4578125 0.071875 0.121875
4 0.63515625 0.475 0.040625 0.05625
5 0.61328125 0.3390625 0.0859375 0.11875