5 0.72734375 0.57421875 0.13125 0.0609375
6 0.6359375 0.76171875 0.1296875 0.0671875
6 0.5984375 0.8875 0.1265625 0.071875
3 0.3640625 0.80859375 0.125 0.06875
6 0.48359375 0.9859375 0.1359375 0.028125
6 0.53125 0.3359375 0.1296875 0.0640625
6 0.53984375 0.25 0.109375 0.05
6 0.471875 0.21875 0.14375 0.0671875
4 0.47890625 0.3921875 0.0296875 0.01875
6 0.48671875 0.421875 0.13125 0.0578125
6 0.37421875 0.38046875 0.1328125 0.0671875
6 0.4421875 0.43671875 0.128125 0.0609375
6 0.54921875 0.51015625 0.1484375 0.0796875
6 0.4390625 0.54296875 0.1515625 0.06875
6 0.2453125 0.58828125 0.1484375 0.06875
6 0.28828125 0.62578125 0.1296875 0.0671875
6 0.1546875 0.45 0.175 0.071875