1 0.5125 0.8625 0.1828125 0.0859375
1 0.359375 0.79453125 0.1234375 0.059375
1 0.3734375 0.71015625 0.1203125 0.05625
1 0.43984375 0.59296875 0.1125 0.040625
1 0.43125 0.5140625 0.1203125 0.046875
1 0.54296875 0.59375 0.1140625 0.0578125
1 0.4765625 0.43203125 0.128125 0.053125
1 0.5 0.33046875 0.128125 0.046875
1 0.58359375 0.2875 0.14375 0.053125
1 0.57578125 0.265625 0.1328125 0.046875
1 0.6671875 0.196875 0.140625 0.0578125
1 0.840625 0.38515625 0.153125 0.0640625
1 0.8765625 0.509375 0.1796875 0.0734375
1 0.428125 0.634375 0.1015625 0.0546875
1 0.47421875 0.646875 0.0640625 0.0625
1 0.59296875 0.03671875 0.103125 0.053125