6 0.6703125 0.67578125 0.1109375 0.040625
3 0.58671875 0.75546875 0.125 0.0375
6 0.64296875 0.915625 0.1296875 0.034375
6 0.35078125 0.80703125 0.15625 0.0375
6 0.54453125 0.65546875 0.10625 0.028125
6 0.665625 0.61875 0.1125 0.03125
6 0.72890625 0.53046875 0.0875 0.028125
6 0.62421875 0.51875 0.115625 0.034375
6 0.75703125 0.43828125 0.096875 0.03125
6 0.69375 0.3484375 0.09375 0.025
6 0.640625 0.26015625 0.1109375 0.028125
6 0.571875 0.190625 0.14375 0.0375
6 0.42578125 0.16328125 0.15625 0.040625
6 0.37421875 0.084375 0.165625 0.034375