6 0.334375 0.74921875 0.175 0.0984375
6 0.4484375 0.58125 0.184375 0.065625
6 0.496875 0.6140625 0.15625 0.078125
6 0.475 0.38828125 0.159375 0.0921875
6 0.53984375 0.5375 0.1453125 0.06875
6 0.29453125 0.371875 0.1875 0.0875
3 0.3265625 0.221875 0.153125 0.071875
6 0.32890625 0.15859375 0.171875 0.0921875
6 0.4859375 0.04609375 0.1390625 0.06875
6 0.5734375 0.2625 0.1265625 0.053125
6 0.58828125 0.30859375 0.0734375 0.0421875
6 0.46953125 0.33359375 0.1578125 0.071875
5 0.63046875 0.5734375 0.1265625 0.0546875
4 0.6125 0.553125 0.0578125 0.0390625
6 0.41875 0.24453125 0.16875 0.0609375
6 0.03828125 0.36875 0.0765625 0.090625