6 0.1 0.234375 0.0375 0.1390625
6 0.08125 0.34140625 0.0328125 0.1453125
6 0.0671875 0.57734375 0.0625 0.1984375
3 0.2421875 0.39921875 0.0328125 0.1515625
6 0.334375 0.4546875 0.040625 0.125
6 0.3796875 0.321875 0.03125 0.1015625
6 0.39140625 0.25546875 0.0234375 0.0484375
6 0.403125 0.3296875 0.0296875 0.090625
6 0.51875 0.3296875 0.03125 0.125
6 0.4921875 0.38203125 0.0421875 0.159375
6 0.4609375 0.603125 0.0390625 0.165625
6 0.496875 0.66484375 0.0515625 0.171875
6 0.66640625 0.37421875 0.0234375 0.1359375
6 0.671875 0.33828125 0.021875 0.1296875
4 0.3859375 0.30546875 0.0203125 0.0296875
6 0.77578125 0.4359375 0.021875 0.128125
6 0.7953125 0.47890625 0.034375 0.1484375
6 0.86953125 0.44453125 0.028125 0.165625
6 0.9453125 0.4171875 0.025 0.1515625
6 0.94296875 0.5296875 0.0375 0.16875