1 0.80859375 0.471875 0.065625 0.128125
1 0.4890625 0.65703125 0.06875 0.115625
1 0.4234375 0.7921875 0.08125 0.1453125
1 0.41484375 0.75 0.0640625 0.115625
1 0.26328125 0.7546875 0.0703125 0.1359375
1 0.1578125 0.74765625 0.0609375 0.1296875
1 0.16171875 0.7171875 0.0640625 0.1265625
1 0.14140625 0.65078125 0.0484375 0.0921875
1 0.1828125 0.665625 0.05625 0.1109375
1 0.56875 0.76171875 0.0765625 0.1390625
1 0.5109375 0.74609375 0.05625 0.1109375
1 0.5328125 0.740625 0.0734375 0.153125
1 0.2296875 0.66640625 0.0625 0.103125
1 0.240625 0.771875 0.0671875 0.1390625
1 0.215625 0.759375 0.05625 0.1234375
1 0.2078125 0.6671875 0.0484375 0.090625