3 0.8484375 0.72734375 0.059375 0.0953125
6 0.59609375 0.67109375 0.0828125 0.09375
6 0.6828125 0.7296875 0.05625 0.071875
4 0.665625 0.765625 0.025 0.0328125
5 0.696875 0.87265625 0.0953125 0.1359375
6 0.31875 0.64921875 0.0671875 0.1171875
6 0.171875 0.80859375 0.09375 0.1203125
6 0.1484375 0.6765625 0.08125 0.11875
3 0.2390625 0.4546875 0.0484375 0.078125
6 0.209375 0.45859375 0.0421875 0.0796875
6 0.346875 0.40546875 0.0625 0.09375
6 0.48515625 0.39609375 0.0328125 0.0625
6 0.37734375 0.23359375 0.034375 0.05
6 0.47890625 0.25 0.053125 0.0671875
6 0.65234375 0.4015625 0.05 0.0671875
6 0.5953125 0.3953125 0.053125 0.08125
5 0.79609375 0.3421875 0.05 0.078125
6 0.12578125 0.2796875 0.0546875 0.075
6 0.1203125 0.37265625 0.071875 0.09375
6 0.09765625 0.45625 0.05625 0.08125
6 0.02578125 0.51953125 0.0515625 0.0921875