6 0.58203125 0.36015625 0.040625 0.103125
6 0.18125 0.3546875 0.0359375 0.10625
5 0.84140625 0.2453125 0.0515625 0.1125
6 0.6421875 0.38203125 0.0453125 0.1171875
6 0.5109375 0.31015625 0.0421875 0.103125
6 0.396875 0.315625 0.0328125 0.1
6 0.2546875 0.46328125 0.040625 0.1
6 0.5359375 0.55625 0.0421875 0.1234375
6 0.71328125 0.4890625 0.040625 0.1296875
3 0.103125 0.47578125 0.034375 0.121875
6 0.06484375 0.48984375 0.040625 0.1296875
6 0.2578125 0.72265625 0.053125 0.096875
6 0.359375 0.49921875 0.03125 0.096875
6 0.0359375 0.19609375 0.025 0.078125
6 0.371875 0.59765625 0.0421875 0.1390625
6 0.50859375 0.5109375 0.0359375 0.1109375
6 0.38515625 0.2609375 0.028125 0.0796875
4 0.3828125 0.54140625 0.015625 0.028125