6 0.22421875 0.6046875 0.046875 0.103125
6 0.0421875 0.434375 0.06875 0.146875
6 0.2140625 0.45625 0.0640625 0.1296875
6 0.33984375 0.4984375 0.04375 0.103125
6 0.33203125 0.565625 0.0390625 0.09375
6 0.3453125 0.596875 0.040625 0.090625
6 0.525 0.35390625 0.05625 0.1203125
6 0.5375 0.26484375 0.0671875 0.1609375
6 0.16015625 0.1328125 0.096875 0.1609375
6 0.653125 0.57265625 0.0515625 0.0875
6 0.696875 0.5640625 0.0484375 0.1
3 0.52109375 0.68046875 0.025 0.0515625
6 0.51796875 0.55 0.0359375 0.075
6 0.52890625 0.5578125 0.0515625 0.0984375
4 0.50703125 0.53359375 0.0171875 0.0296875