5 0.42421875 0.3265625 0.0890625 0.084375
3 0.13125 0.33828125 0.21875 0.0796875
6 0.2890625 0.46328125 0.115625 0.05625
6 0.171875 0.46171875 0.1890625 0.09375
6 0.20625 0.5296875 0.165625 0.0875
6 0.29921875 0.52578125 0.1609375 0.071875
6 0.31953125 0.63671875 0.1609375 0.053125
6 0.44140625 0.6375 0.128125 0.0359375
6 0.321875 0.70234375 0.1671875 0.0671875
6 0.31640625 0.98046875 0.15625 0.0390625
6 0.41875 0.98125 0.084375 0.0375
6 0.4703125 0.98359375 0.0703125 0.0328125
4 0.3890625 0.16171875 0.0671875 0.0234375