6 0.0796875 0.4609375 0.159375 0.0625
3 0.42421875 0.596875 0.1390625 0.0484375
6 0.39921875 0.046875 0.1359375 0.0515625
6 0.49296875 0.13828125 0.10625 0.0546875
6 0.52890625 0.21953125 0.128125 0.0390625
6 0.5359375 0.32890625 0.096875 0.0421875
6 0.55703125 0.3875 0.109375 0.0390625
6 0.578125 0.52890625 0.1171875 0.0390625
6 0.60546875 0.5921875 0.1015625 0.040625
6 0.6765625 0.68359375 0.103125 0.0296875
6 0.70703125 0.65859375 0.09375 0.028125
6 0.64296875 0.81875 0.1 0.0390625
6 0.6140625 0.86328125 0.103125 0.0328125
6 0.646875 0.8953125 0.1046875 0.034375
4 0.61953125 0.63828125 0.03125 0.021875
3 0.69375 0.13203125 0.0765625 0.0390625