6 0.9 0.390625 0.0421875 0.1
6 0.13984375 0.78828125 0.0640625 0.1984375
6 0.55390625 0.86484375 0.0390625 0.18125
6 0.67421875 0.790625 0.059375 0.1921875
6 0.85859375 0.76796875 0.040625 0.1796875
6 0.67890625 0.55859375 0.0375 0.1578125
6 0.603125 0.48515625 0.040625 0.1484375
6 0.54296875 0.3953125 0.0359375 0.1203125
6 0.5203125 0.46328125 0.034375 0.1484375
6 0.415625 0.46484375 0.028125 0.1296875
6 0.38203125 0.503125 0.0375 0.0984375
6 0.3859375 0.44375 0.040625 0.084375
5 0.44453125 0.4796875 0.053125 0.0375
3 0.80390625 0.48828125 0.0375 0.125