6 0.4875 0.490625 0.0484375 0.078125
6 0.6453125 0.759375 0.0671875 0.10625
6 0.21015625 0.6140625 0.0640625 0.1109375
6 0.18125 0.58515625 0.06875 0.1171875
6 0.0671875 0.534375 0.0671875 0.1125
6 0.08671875 0.5578125 0.06875 0.1046875
6 0.1109375 0.5875 0.071875 0.115625
6 0.14296875 0.5890625 0.0734375 0.1203125
6 0.27578125 0.834375 0.075 0.121875
6 0.46328125 0.9171875 0.078125 0.128125
6 0.5859375 0.878125 0.0796875 0.1296875
6 0.68359375 0.734375 0.0703125 0.1125
6 0.77578125 0.8609375 0.06875 0.109375
6 0.81953125 0.81171875 0.0765625 0.125
3 0.184375 0.43203125 0.0625 0.0875
4 0.5265625 0.35625 0.0109375 0.0171875
5 0.5828125 0.33203125 0.0515625 0.05625