4 0.671875 0.26484375 0.053125 0.11875
6 0.46640625 0.353125 0.20625 0.5984375
6 0.45703125 0.58671875 0.0375 0.09375
6 0.6859375 0.58046875 0.0125 0.0390625
6 0.7265625 0.58125 0.0125 0.040625
6 0.59921875 0.54140625 0.0375 0.30625
6 0.62890625 0.578125 0.0140625 0.0625
6 0.646875 0.58046875 0.0125 0.053125
6 0.68671875 0.57890625 0.01875 0.05
6 0.875 0.57265625 0.01875 0.078125
3 0.95546875 0.55625 0.021875 0.13125
6 0.98828125 0.5578125 0.0234375 0.1140625
6 0.8125 0.56015625 0.025 0.109375
6 0.77734375 0.53515625 0.040625 0.2265625
6 0.75703125 0.571875 0.0234375 0.1046875