6 0.4203125 0.47890625 0.065625 0.078125
6 0.36171875 0.5265625 0.053125 0.140625
6 0.2890625 0.51875 0.059375 0.146875
6 0.596875 0.56640625 0.034375 0.153125
6 0.5796875 0.53984375 0.0375 0.1421875
6 0.56640625 0.42890625 0.025 0.1140625
6 0.61875 0.41953125 0.028125 0.1078125
6 0.609375 0.37421875 0.0234375 0.1078125
6 0.63515625 0.41171875 0.021875 0.109375
6 0.671875 0.35859375 0.0234375 0.10625
6 0.22265625 0.47890625 0.04375 0.1171875
6 0.17109375 0.4671875 0.0390625 0.1078125
3 0.21796875 0.64609375 0.0609375 0.1703125
6 0.75859375 0.36015625 0.05 0.1125