6 0.246875 0.1546875 0.1265625 0.065625
5 0.39921875 0.1953125 0.1265625 0.065625
6 0.23984375 0.3890625 0.1421875 0.046875
6 0.31015625 0.271875 0.1 0.0625
6 0.5828125 0.16015625 0.1203125 0.046875
6 0.15703125 0.4359375 0.1359375 0.053125
6 0.42578125 0.4421875 0.134375 0.0515625
6 0.53046875 0.43125 0.1171875 0.04375
4 0.60859375 0.41484375 0.0484375 0.021875
6 0.54921875 0.2203125 0.103125 0.0453125
6 0.37109375 0.49140625 0.11875 0.053125
6 0.26328125 0.61171875 0.121875 0.0515625
6 0.43125 0.6671875 0.1078125 0.0453125
5 0.51015625 0.71171875 0.0921875 0.040625
6 0.4796875 0.25859375 0.1015625 0.0359375
6 0.45859375 0.284375 0.0984375 0.040625
6 0.378125 0.27421875 0.121875 0.0484375