5 0.4875 0.08203125 0.0859375 0.03125
3 0.3671875 0.6140625 0.0921875 0.0359375
6 0.2796875 0.1796875 0.0859375 0.028125
6 0.353125 0.22109375 0.0703125 0.0328125
6 0.4390625 0.3484375 0.06875 0.0546875
6 0.29375 0.3359375 0.1125 0.05
6 0.33515625 0.4078125 0.0828125 0.0390625
6 0.4203125 0.525 0.103125 0.05625
6 0.4546875 0.56171875 0.10625 0.0359375
6 0.53828125 0.50703125 0.04375 0.0265625
6 0.55390625 0.66484375 0.0484375 0.0265625
6 0.428125 0.65078125 0.0734375 0.0390625
6 0.31875 0.72578125 0.1171875 0.0328125
6 0.2234375 0.82265625 0.1171875 0.040625
6 0.33984375 0.81640625 0.1109375 0.0421875
6 0.4265625 0.86015625 0.1 0.0484375
6 0.40703125 0.91171875 0.09375 0.0390625
6 0.50546875 0.80078125 0.059375 0.0359375
4 0.51328125 0.97265625 0.065625 0.0265625
4 0.27109375 0.27421875 0.021875 0.0140625
6 0.25703125 0.25625 0.1265625 0.0359375