3 0.28984375 0.496875 0.071875 0.1265625
6 0.2546875 0.32890625 0.05625 0.1015625
6 0.1046875 0.25859375 0.065625 0.115625
6 0.26796875 0.2359375 0.0484375 0.0953125
6 0.33671875 0.26640625 0.046875 0.096875
6 0.44296875 0.4203125 0.0671875 0.1328125
6 0.52265625 0.49921875 0.0546875 0.1046875
6 0.559375 0.44140625 0.059375 0.078125
6 0.58671875 0.4296875 0.0703125 0.1109375
6 0.6515625 0.46640625 0.065625 0.115625
6 0.70625 0.4921875 0.053125 0.109375
6 0.79921875 0.53203125 0.0734375 0.1140625
6 0.89140625 0.6 0.0515625 0.1140625
5 0.86328125 0.44296875 0.0546875 0.09375