6 0.021875 0.6234375 0.04375 0.11875
6 0.39140625 0.7953125 0.1125 0.1125
6 0.32265625 0.6875 0.1 0.1578125
6 0.2171875 0.4265625 0.0859375 0.084375
6 0.26796875 0.484375 0.06875 0.06875
6 0.27734375 0.509375 0.05625 0.0921875
6 0.2984375 0.503125 0.075 0.0734375
6 0.32109375 0.55859375 0.0859375 0.084375
6 0.36484375 0.48984375 0.0640625 0.1015625
6 0.3609375 0.54453125 0.0546875 0.090625
6 0.38984375 0.5578125 0.0796875 0.0796875
6 0.42734375 0.56015625 0.078125 0.078125
6 0.4328125 0.5921875 0.0828125 0.08125
6 0.5109375 0.628125 0.0765625 0.0765625
5 0.48359375 0.56953125 0.05625 0.096875
3 0.10078125 0.49765625 0.084375 0.084375