3 0.1359375 0.16171875 0.0671875 0.1109375
6 0.2171875 0.09296875 0.059375 0.0984375
6 0.275 0.3578125 0.0671875 0.1015625
6 0.35859375 0.29765625 0.0828125 0.125
6 0.54296875 0.54921875 0.0796875 0.1140625
6 0.62265625 0.50546875 0.0625 0.1078125
6 0.578125 0.38203125 0.06875 0.1234375
6 0.55859375 0.3203125 0.0640625 0.1015625
6 0.50078125 0.26640625 0.059375 0.109375
6 0.52109375 0.25390625 0.0578125 0.0984375
6 0.64609375 0.46171875 0.0578125 0.0890625
5 0.640625 0.40234375 0.0671875 0.1125
4 0.746875 0.40859375 0.0203125 0.0265625