6 0.1296875 0.3265625 0.0296875 0.1171875
6 0.0390625 0.40234375 0.03125 0.1296875
6 0.271875 0.39765625 0.034375 0.1359375
6 0.35859375 0.42421875 0.0375 0.1265625
6 0.36171875 0.290625 0.0328125 0.096875
6 0.40546875 0.2953125 0.0328125 0.11875
6 0.18671875 0.64765625 0.0453125 0.1625
6 0.5328125 0.37578125 0.034375 0.1203125
6 0.559375 0.25234375 0.028125 0.1
6 0.578125 0.2453125 0.0390625 0.103125
6 0.7359375 0.31015625 0.0375 0.1203125
6 0.8 0.365625 0.034375 0.1078125
6 0.85703125 0.45078125 0.0328125 0.140625
6 0.8359375 0.59140625 0.046875 0.1375
6 0.9171875 0.6734375 0.0453125 0.16875