6 0.49609375 0.7859375 0.11875 0.1625
6 0.6265625 0.721875 0.1765625 0.1984375
3 0.734375 0.5484375 0.08125 0.175
6 0.509375 0.51328125 0.0765625 0.171875
6 0.5953125 0.4625 0.0734375 0.1078125
6 0.678125 0.4125 0.0859375 0.1609375
6 0.73984375 0.35078125 0.09375 0.140625
6 0.79140625 0.45859375 0.0703125 0.125
6 0.95390625 0.34609375 0.0828125 0.1484375
6 0.96640625 0.5921875 0.0671875 0.234375
6 0.903125 0.6515625 0.0765625 0.1359375
6 0.58359375 0.4046875 0.059375 0.103125
3 0.7625 0.096875 0.0890625 0.1453125
5 0.44609375 0.49140625 0.08125 0.084375
6 0.33984375 0.621875 0.0953125 0.1546875
6 0.15546875 0.76484375 0.0828125 0.115625
6 0.34296875 0.57734375 0.0625 0.1203125