6 0.03046875 0.55703125 0.0609375 0.2140625
6 0.1859375 0.30078125 0.0671875 0.14375
6 0.2890625 0.3671875 0.03125 0.1328125
6 0.36328125 0.42890625 0.0484375 0.15
6 0.3625 0.32421875 0.05 0.1078125
6 0.39375 0.3390625 0.025 0.096875
6 0.421875 0.4125 0.0390625 0.125
6 0.4421875 0.37578125 0.0390625 0.140625
6 0.46328125 0.421875 0.0453125 0.1078125
6 0.490625 0.40234375 0.0390625 0.1
6 0.50234375 0.5109375 0.05625 0.1421875
6 0.5796875 0.50859375 0.071875 0.15625
6 0.57734375 0.70546875 0.0484375 0.15625
6 0.6203125 0.7171875 0.0546875 0.1515625
4 0.66796875 0.7125 0.0328125 0.0734375
5 0.59140625 0.36015625 0.0546875 0.13125
3 0.22421875 0.52578125 0.065625 0.165625