3 0.8953125 0.53046875 0.0328125 0.15
6 0.71875 0.4765625 0.046875 0.14375
6 0.5734375 0.5890625 0.046875 0.171875
6 0.51015625 0.5171875 0.0375 0.14375
6 0.63828125 0.43515625 0.03125 0.1359375
6 0.89140625 0.38984375 0.040625 0.103125
6 0.9328125 0.29921875 0.0328125 0.1375
6 0.9859375 0.31328125 0.028125 0.1421875
6 0.5765625 0.36328125 0.040625 0.1453125
6 0.53046875 0.371875 0.0359375 0.1453125
6 0.46953125 0.45 0.0328125 0.1390625
6 0.44296875 0.41328125 0.0328125 0.140625
6 0.37890625 0.41640625 0.0421875 0.1015625
5 0.17890625 0.35390625 0.0390625 0.1578125
4 0.64609375 0.48828125 0.01875 0.0328125
3 0.32578125 0.22578125 0.04375 0.109375
3 0.965625 0.12265625 0.0203125 0.0953125