6 0.47265625 0.83828125 0.0484375 0.1265625
6 0.328125 0.6546875 0.028125 0.1453125
6 0.7609375 0.62890625 0.0453125 0.1453125
6 0.41875 0.51640625 0.0453125 0.109375
6 0.71328125 0.4296875 0.0359375 0.115625
6 0.8921875 0.35078125 0.0265625 0.1109375
6 0.64609375 0.31015625 0.0328125 0.090625
6 0.665625 0.3921875 0.034375 0.1046875
3 0.57734375 0.48125 0.03125 0.10625
4 0.39296875 0.65859375 0.01875 0.0359375
5 0.28125 0.3125 0.03125 0.1
6 0.453125 0.42265625 0.0390625 0.1015625
6 0.51328125 0.41640625 0.034375 0.096875
6 0.4765625 0.37421875 0.03125 0.0953125
6 0.54140625 0.3453125 0.0265625 0.09375
6 0.49921875 0.353125 0.03125 0.090625