6 0.74609375 0.58515625 0.1359375 0.0640625
6 0.6375 0.7125 0.125 0.05625
6 0.57109375 0.6640625 0.13125 0.0515625
6 0.54296875 0.75390625 0.1 0.04375
6 0.521875 0.89609375 0.0984375 0.0375
6 0.4921875 0.89453125 0.0921875 0.0359375
6 0.49453125 0.85390625 0.0921875 0.05
6 0.46015625 0.7015625 0.1171875 0.0546875
6 0.4015625 0.80625 0.096875 0.0390625
6 0.39140625 0.87109375 0.0984375 0.0484375
6 0.39140625 0.81953125 0.0953125 0.046875
4 0.534375 0.578125 0.0171875 0.0125
3 0.34453125 0.77265625 0.0953125 0.0484375
5 0.51015625 0.2609375 0.1125 0.0421875