6 0.30703125 0.2546875 0.0953125 0.178125
6 0.2046875 0.7515625 0.121875 0.21875
6 0.3484375 0.50078125 0.103125 0.2
6 0.4 0.50625 0.084375 0.175
6 0.80390625 0.83984375 0.10625 0.184375
6 0.84765625 0.8046875 0.10625 0.20625
6 0.83046875 0.5640625 0.1234375 0.196875
6 0.8171875 0.428125 0.0703125 0.134375
6 0.871875 0.39296875 0.0765625 0.15625
6 0.9796875 0.48046875 0.040625 0.1765625
6 0.834375 0.3375 0.05 0.125
6 0.62421875 0.3 0.0734375 0.1203125
6 0.60703125 0.275 0.065625 0.109375
4 0.45 0.33125 0.06875 0.08125