3 0.328125 0.5421875 0.0359375 0.1203125
6 0.26953125 0.40703125 0.0421875 0.090625
6 0.19375 0.2890625 0.03125 0.0984375
6 0.053125 0.35703125 0.0390625 0.1078125
6 0.328125 0.3109375 0.028125 0.0765625
6 0.40859375 0.403125 0.0265625 0.096875
4 0.4265625 0.40859375 0.015625 0.0375
6 0.53671875 0.4796875 0.040625 0.1234375
6 0.51640625 0.39609375 0.015625 0.0953125
6 0.534375 0.4015625 0.0234375 0.1
6 0.60234375 0.4390625 0.028125 0.10625
6 0.66015625 0.4765625 0.0234375 0.1109375
6 0.74765625 0.4828125 0.034375 0.125
6 0.884375 0.525 0.0375 0.1140625
5 0.8 0.3640625 0.0234375 0.0921875
6 0.01953125 0.48828125 0.0375 0.121875
6 0.009375 0.69140625 0.01875 0.1390625