6 0.028125 0.67734375 0.0171875 0.0875
6 0.08359375 0.75078125 0.0234375 0.1
6 0.18359375 0.55546875 0.0171875 0.0609375
6 0.3171875 0.6265625 0.0265625 0.08125
6 0.3515625 0.5671875 0.034375 0.075
6 0.309375 0.4796875 0.015625 0.0421875
6 0.36484375 0.534375 0.01875 0.0625
6 0.46875 0.675 0.0234375 0.0796875
6 0.496875 0.6265625 0.0171875 0.06875
6 0.50234375 0.50234375 0.0171875 0.059375
6 0.50625 0.45546875 0.015625 0.053125
6 0.57578125 0.58515625 0.01875 0.071875
6 0.50703125 0.6984375 0.0203125 0.075
6 0.50703125 0.85625 0.0328125 0.09375
6 0.809375 0.7734375 0.0359375 0.1125
6 0.684375 0.55078125 0.0359375 0.0796875
6 0.70078125 0.47109375 0.0203125 0.0671875
6 0.78828125 0.5515625 0.01875 0.0578125
6 0.84921875 0.63046875 0.0359375 0.0828125
4 0.503125 0.58515625 0.00625 0.0140625