5 0.17890625 0.28046875 0.0421875 0.125
4 0.7265625 0.6765625 0.015625 0.0328125
6 0.740625 0.62265625 0.0390625 0.1140625
6 0.709375 0.54921875 0.0484375 0.096875
6 0.68984375 0.52734375 0.0421875 0.096875
6 0.69765625 0.63046875 0.0453125 0.14375
6 0.6140625 0.52421875 0.0515625 0.15
6 0.61015625 0.65703125 0.0671875 0.1765625
6 0.50703125 0.58984375 0.0640625 0.1546875
6 0.38984375 0.553125 0.05 0.1375
6 0.21796875 0.41171875 0.0484375 0.121875
6 0.18984375 0.55625 0.046875 0.1375
3 0.10234375 0.62109375 0.0453125 0.140625
6 0.01484375 0.3328125 0.0296875 0.1375