6 0.08359375 0.76875 0.078125 0.078125
6 0.16796875 0.5796875 0.0375 0.0984375
6 0.2984375 0.4859375 0.0390625 0.0390625
6 0.32265625 0.63203125 0.0578125 0.0578125
6 0.36796875 0.56953125 0.034375 0.0796875
6 0.371875 0.53515625 0.0328125 0.075
6 0.49609375 0.43828125 0.0390625 0.0390625
6 0.496875 0.56640625 0.0515625 0.0515625
6 0.51171875 0.49921875 0.0515625 0.0515625
6 0.52734375 0.62109375 0.0453125 0.0453125
6 0.4734375 0.87109375 0.05 0.0984375
6 0.82109375 0.77109375 0.0453125 0.1328125
6 0.60390625 0.59765625 0.03125 0.1046875
6 0.68671875 0.54921875 0.075 0.075
6 0.70390625 0.4609375 0.0515625 0.0515625
6 0.80234375 0.52890625 0.075 0.075
6 0.871875 0.6125 0.078125 0.078125
4 0.628125 0.571875 0.025 0.0234375
3 0.5140625 0.675 0.0296875 0.0890625
6 0.4890625 0.7015625 0.034375 0.0703125
6 0.48203125 0.67578125 0.0390625 0.0390625
3 0.5140625 0.93515625 0.06875 0.06875