3 0.30546875 0.39921875 0.1578125 0.1078125
6 0.2640625 0.109375 0.2140625 0.146875
6 0.37734375 0.0375 0.1359375 0.075
6 0.52734375 0.10625 0.175 0.1015625
6 0.5 0.25 0.1578125 0.103125
6 0.51484375 0.31015625 0.1484375 0.0890625
6 0.48203125 0.371875 0.1046875 0.0671875
6 0.5640625 0.33671875 0.10625 0.0625
6 0.5390625 0.5078125 0.11875 0.090625
6 0.4171875 0.5046875 0.14375 0.0984375
6 0.33359375 0.684375 0.1734375 0.128125
6 0.49140625 0.79609375 0.15 0.0921875
6 0.5203125 0.8421875 0.1421875 0.0984375
6 0.4875 0.4328125 0.140625 0.0796875
6 0.5390625 0.45390625 0.165625 0.0984375
5 0.56953125 0.57890625 0.1390625 0.0875