6 0.55546875 0.46484375 0.0671875 0.1125
6 0.478125 0.40078125 0.0609375 0.1015625
6 0.40234375 0.34453125 0.0609375 0.1140625
6 0.35390625 0.35 0.05625 0.1125
6 0.42109375 0.3109375 0.0484375 0.0953125
6 0.478125 0.36640625 0.065625 0.0953125
4 0.5421875 0.41640625 0.0203125 0.0296875
6 0.74609375 0.73046875 0.06875 0.1390625
6 0.86328125 0.94296875 0.0796875 0.1140625
6 0.08984375 0.27421875 0.0609375 0.10625
3 0.07421875 0.403125 0.0796875 0.1359375
6 0.18359375 0.23984375 0.05 0.0984375
6 0.27734375 0.21796875 0.0515625 0.09375