6 0.52578125 0.0203125 0.1453125 0.040625
6 0.73515625 0.25625 0.14375 0.0953125
3 0.48359375 0.2921875 0.1390625 0.10625
6 0.4953125 0.4453125 0.171875 0.103125
6 0.32578125 0.4984375 0.1546875 0.1078125
6 0.49140625 0.56328125 0.140625 0.0875
6 0.615625 0.55625 0.1078125 0.0625
6 0.63671875 0.575 0.1328125 0.0703125
6 0.684375 0.6828125 0.1421875 0.0734375
6 0.52109375 0.7515625 0.1078125 0.06875
6 0.521875 0.68984375 0.103125 0.0703125
6 0.621875 0.771875 0.1328125 0.0890625
6 0.48984375 0.8921875 0.1515625 0.0921875
6 0.57421875 0.90390625 0.1359375 0.0828125
4 0.46953125 0.60546875 0.0390625 0.028125