6 0.7046875 0.2265625 0.0484375 0.1328125
6 0.653125 0.309375 0.0796875 0.078125
6 0.57890625 0.47890625 0.0421875 0.103125
6 0.51875 0.4765625 0.046875 0.046875
6 0.51328125 0.4203125 0.05625 0.05625
3 0.52421875 0.40078125 0.0734375 0.075
6 0.37109375 0.453125 0.03125 0.0625
6 0.340625 0.4140625 0.0625 0.0625
6 0.35625 0.34609375 0.0421875 0.0421875
6 0.22109375 0.403125 0.0546875 0.05625
6 0.14609375 0.29140625 0.0765625 0.0765625
6 0.21953125 0.284375 0.021875 0.109375
6 0.20546875 0.33203125 0.0625 0.0625
5 0.12734375 0.390625 0.0625 0.0625