6 0.65390625 0.12109375 0.115625 0.021875
6 0.5734375 0.034375 0.128125 0.021875
6 0.590625 0.2671875 0.134375 0.028125
6 0.56796875 0.3546875 0.125 0.03125
6 0.7015625 0.35078125 0.096875 0.028125
6 0.69921875 0.39453125 0.115625 0.025
6 0.3359375 0.19453125 0.1609375 0.0375
6 0.62578125 0.5265625 0.11875 0.028125
6 0.75078125 0.54609375 0.0984375 0.021875
6 0.75859375 0.56484375 0.1015625 0.034375
6 0.7015625 0.72578125 0.11875 0.03125
6 0.65 0.7921875 0.10625 0.028125
6 0.56796875 0.85390625 0.1390625 0.025
6 0.4265625 0.840625 0.134375 0.040625
6 0.3484375 0.92578125 0.165625 0.0359375