6 0.2359375 0.071875 0.1109375 0.046875
6 0.42265625 0.16328125 0.0609375 0.0609375
6 0.51171875 0.296875 0.05625 0.025
6 0.3640625 0.315625 0.05625 0.05625
6 0.42578125 0.36328125 0.0515625 0.0515625
6 0.459375 0.36875 0.053125 0.05625
6 0.55234375 0.4953125 0.0390625 0.0390625
6 0.42421875 0.4921875 0.0671875 0.028125
6 0.490625 0.509375 0.0515625 0.05
6 0.36796875 0.52109375 0.0421875 0.0421875
6 0.1203125 0.4578125 0.1 0.05625
6 0.20859375 0.809375 0.0796875 0.08125
6 0.3890625 0.5984375 0.0640625 0.0640625
6 0.434375 0.6828125 0.0765625 0.075
6 0.52265625 0.70234375 0.05 0.05
6 0.45078125 0.79765625 0.06875 0.0671875
6 0.36484375 0.865625 0.078125 0.0765625
4 0.4140625 0.62265625 0.0234375 0.0234375
3 0.315625 0.50546875 0.053125 0.053125
6 0.28984375 0.47890625 0.0515625 0.05
6 0.315625 0.47265625 0.0390625 0.0390625
3 0.0546875 0.496875 0.0703125 0.06875