6 0.56875 0.08984375 0.0390625 0.1109375
6 0.33984375 0.40703125 0.0421875 0.1234375
6 0.403125 0.55703125 0.0359375 0.1234375
5 0.575 0.75546875 0.0578125 0.1234375
4 0.6859375 0.91484375 0.021875 0.0453125
6 0.85859375 0.62890625 0.05 0.146875
6 0.97421875 0.60390625 0.0453125 0.1546875
6 0.971875 0.57734375 0.0234375 0.1203125
6 0.57890625 0.4859375 0.0484375 0.1421875
6 0.64140625 0.43671875 0.040625 0.1265625
6 0.68125 0.41015625 0.03125 0.1234375
6 0.7453125 0.46484375 0.04375 0.1421875
6 0.7140625 0.51015625 0.034375 0.1328125
6 0.7359375 0.62421875 0.05 0.1484375
6 0.78671875 0.05703125 0.0328125 0.075
3 0.96484375 0.403125 0.053125 0.1328125