3 0.9640625 0.32265625 0.0296875 0.1078125
6 0.91484375 0.22890625 0.025 0.0953125
6 0.76171875 0.45234375 0.03125 0.096875
6 0.70703125 0.365625 0.040625 0.11875
6 0.44140625 0.5296875 0.0421875 0.10625
6 0.384375 0.459375 0.025 0.103125
6 0.471875 0.36171875 0.025 0.1234375
6 0.51328125 0.31171875 0.0296875 0.096875
6 0.58671875 0.2828125 0.0203125 0.1125
6 0.57265625 0.2640625 0.0234375 0.0953125
6 0.37890625 0.409375 0.028125 0.084375
5 0.40625 0.35703125 0.028125 0.109375
4 0.30546875 0.32265625 0.0125 0.0234375