6 0.525 0.06875 0.1359375 0.071875
6 0.58125 0.09375 0.190625 0.0875
6 0.70703125 0.21875 0.1046875 0.05
6 0.61796875 0.2734375 0.103125 0.0546875
6 0.58203125 0.32578125 0.1125 0.0625
6 0.53359375 0.35703125 0.1203125 0.0453125
6 0.61953125 0.3890625 0.1 0.0640625
6 0.43359375 0.46953125 0.1140625 0.065625
6 0.23359375 0.5828125 0.1578125 0.071875
6 0.34453125 0.78046875 0.153125 0.0671875
6 0.34609375 0.94765625 0.1328125 0.05625
6 0.45546875 0.31640625 0.1890625 0.0421875
6 0.575 0.47109375 0.15625 0.04375
6 0.5421875 0.49765625 0.1109375 0.046875
6 0.55390625 0.42890625 0.096875 0.0328125
6 0.55 0.45625 0.0921875 0.0296875
4 0.48984375 0.41328125 0.05625 0.034375
5 0.5796875 0.60234375 0.1375 0.05625