5 0.340625 0.51015625 0.0640625 0.1078125
6 0.3484375 0.61953125 0.071875 0.128125
6 0.375 0.62109375 0.0796875 0.1421875
6 0.3875 0.590625 0.078125 0.1375
6 0.4578125 0.50078125 0.071875 0.1125
6 0.48125 0.5484375 0.0796875 0.1125
6 0.48046875 0.61484375 0.0890625 0.1484375
6 0.63671875 0.5625 0.0765625 0.134375
6 0.59453125 0.4484375 0.0609375 0.1109375
6 0.64765625 0.37890625 0.075 0.1390625
6 0.7015625 0.40703125 0.0765625 0.128125
6 0.73203125 0.528125 0.08125 0.1421875
6 0.703125 0.34140625 0.0703125 0.125
6 0.73125 0.3578125 0.0609375 0.103125
6 0.78984375 0.36796875 0.0734375 0.1265625
6 0.78828125 0.2625 0.0640625 0.1125
6 0.8375 0.33203125 0.0609375 0.103125
4 0.784375 0.403125 0.0328125 0.0421875