6 0.4421875 0.928125 0.134375 0.065625
6 0.50234375 0.91484375 0.1890625 0.078125
6 0.64921875 0.815625 0.1046875 0.04375
6 0.57265625 0.74453125 0.1015625 0.05
6 0.546875 0.68671875 0.1109375 0.0578125
6 0.50546875 0.646875 0.1203125 0.0390625
6 0.59609375 0.63203125 0.096875 0.059375
6 0.42890625 0.5171875 0.1109375 0.0609375
6 0.25390625 0.36796875 0.15625 0.0640625
6 0.40078125 0.19453125 0.1515625 0.0609375
6 0.434375 0.03125 0.13125 0.05
6 0.42109375 0.671875 0.1890625 0.03125
6 0.56796875 0.5421875 0.15625 0.0359375
6 0.540625 0.5109375 0.109375 0.040625
6 0.5390625 0.58046875 0.096875 0.028125
6 0.540625 0.55234375 0.0921875 0.025
4 0.4734375 0.58359375 0.0546875 0.03125
5 0.59765625 0.4140625 0.1359375 0.05