5 0.23515625 0.19921875 0.1171875 0.0265625
6 0.2515625 0.04296875 0.1234375 0.03125
6 0.45546875 0.16171875 0.1296875 0.0359375
3 0.53828125 0.134375 0.1421875 0.0484375
6 0.34296875 0.23203125 0.1125 0.0390625
6 0.525 0.38671875 0.1234375 0.0375
6 0.4875 0.4796875 0.1375 0.0421875
6 0.54375 0.5484375 0.1296875 0.0390625
6 0.66875 0.5453125 0.096875 0.0203125
6 0.67734375 0.5578125 0.0984375 0.0234375
4 0.63359375 0.58046875 0.03125 0.0171875
6 0.62421875 0.6390625 0.15 0.0390625
6 0.559375 0.7671875 0.1171875 0.040625
6 0.61953125 0.76328125 0.1140625 0.0609375