6 0.9046875 0.5140625 0.0671875 0.159375
6 0.85390625 0.38125 0.0625 0.159375
6 0.74921875 0.4640625 0.0625 0.146875
6 0.6640625 0.428125 0.0703125 0.1203125
6 0.57265625 0.428125 0.059375 0.125
6 0.4921875 0.4171875 0.05 0.1140625
6 0.3734375 0.56328125 0.0765625 0.1625
6 0.2984375 0.65859375 0.059375 0.146875
6 0.1953125 0.6390625 0.0984375 0.16875
6 0.865625 0.64765625 0.0625 0.14375
5 0.8609375 0.5765625 0.0546875 0.0984375
6 0.80234375 0.52109375 0.06875 0.1515625
6 0.4984375 0.48203125 0.0609375 0.1203125
6 0.57890625 0.50625 0.053125 0.103125
5 0.13515625 0.4578125 0.0734375 0.125
4 0.4015625 0.43125 0.04375 0.0671875