3 0.115625 0.4546875 0.0546875 0.103125
6 0.1265625 0.3515625 0.053125 0.0953125
6 0.29921875 0.42421875 0.059375 0.1078125
6 0.334375 0.503125 0.0578125 0.09375
6 0.64921875 0.48046875 0.05625 0.1
6 0.59453125 0.45 0.0578125 0.1046875
6 0.521875 0.3609375 0.06875 0.1109375
6 0.43046875 0.29453125 0.0515625 0.0921875
6 0.4546875 0.30390625 0.0515625 0.0796875
6 0.45390625 0.28203125 0.04375 0.0796875
6 0.5640625 0.3734375 0.05625 0.0921875
5 0.6 0.31796875 0.0609375 0.0828125
4 0.5578125 0.334375 0.01875 0.025