6 0.0953125 0.31953125 0.0609375 0.1109375
6 0.17578125 0.59296875 0.08125 0.1640625
6 0.23828125 0.66875 0.0828125 0.1578125
6 0.0859375 0.84921875 0.0890625 0.1234375
6 0.36484375 0.42890625 0.06875 0.121875
6 0.36171875 0.553125 0.078125 0.1421875
6 0.45234375 0.42265625 0.05625 0.121875
6 0.48515625 0.51484375 0.071875 0.134375
6 0.4765625 0.4328125 0.05625 0.1140625
6 0.578125 0.5203125 0.0640625 0.1359375
6 0.60078125 0.696875 0.0546875 0.11875
6 0.659375 0.57265625 0.0546875 0.0984375
6 0.71328125 0.67109375 0.05625 0.1234375
6 0.76953125 0.665625 0.075 0.134375
3 0.275 0.45625 0.0609375 0.115625