6 0.40234375 0.16171875 0.1 0.20625
6 0.1953125 0.234375 0.08125 0.178125
6 0.29921875 0.3859375 0.071875 0.1421875
6 0.79453125 0.4625 0.078125 0.1578125
3 0.73046875 0.528125 0.075 0.1515625
6 0.35078125 0.4765625 0.0796875 0.1421875
6 0.4265625 0.4859375 0.0859375 0.1484375
6 0.359375 0.515625 0.0578125 0.1140625
6 0.44453125 0.55390625 0.0625 0.1203125
6 0.51171875 0.575 0.0828125 0.1234375
6 0.5234375 0.6046875 0.0453125 0.09375
6 0.59765625 0.6515625 0.059375 0.0984375
6 0.63359375 0.6765625 0.0515625 0.10625
6 0.7828125 0.640625 0.0703125 0.1359375
6 0.83515625 0.6828125 0.0578125 0.1203125
3 0.8609375 0.803125 0.0421875 0.0765625
5 0.17109375 0.49453125 0.0703125 0.1203125