6 0.29765625 0.053125 0.184375 0.078125
6 0.37265625 0.11796875 0.1609375 0.0734375
6 0.46171875 0.10859375 0.1203125 0.0515625
6 0.52890625 0.27734375 0.1234375 0.0671875
6 0.609375 0.190625 0.134375 0.0578125
6 0.37578125 0.34765625 0.1390625 0.053125
6 0.39453125 0.465625 0.175 0.0765625
6 0.2390625 0.66796875 0.14375 0.0609375
6 0.4015625 0.81015625 0.15 0.0703125
6 0.5078125 0.490625 0.153125 0.065625
6 0.56640625 0.4546875 0.1140625 0.05
6 0.58828125 0.39765625 0.08125 0.0359375
6 0.47109375 0.3921875 0.1046875 0.071875
6 0.52265625 0.33515625 0.1046875 0.046875
6 0.54921875 0.3734375 0.0953125 0.0515625
6 0.509375 0.415625 0.1203125 0.046875
5 0.61171875 0.58359375 0.134375 0.078125