5 0.2921875 0.478125 0.1140625 0.271875
6 0.38203125 0.5546875 0.04375 0.1140625
6 0.4140625 0.534375 0.0421875 0.1359375
6 0.51015625 0.5203125 0.05625 0.1875
6 0.53203125 0.56640625 0.0375 0.1078125
6 0.60546875 0.565625 0.0390625 0.096875
3 0.6484375 0.54296875 0.034375 0.1125
6 0.68671875 0.5125 0.034375 0.1171875
6 0.68515625 0.5625 0.0296875 0.0859375
6 0.73828125 0.44921875 0.1015625 0.3046875
6 0.81171875 0.5421875 0.028125 0.0734375
6 0.86015625 0.5421875 0.021875 0.0796875
6 0.92109375 0.46484375 0.0875 0.2296875