5 0.57421875 0.27265625 0.0609375 0.13125
6 0.76171875 0.3640625 0.0671875 0.1296875
6 0.8875 0.4015625 0.071875 0.1265625
3 0.80859375 0.6359375 0.06875 0.125
6 0.9859375 0.51484375 0.028125 0.1359375
6 0.3359375 0.46875 0.0640625 0.1296875
6 0.25 0.46015625 0.05 0.109375
6 0.21875 0.528125 0.0671875 0.14375
4 0.3921875 0.52109375 0.01875 0.0296875
6 0.421875 0.51328125 0.0578125 0.13125
6 0.38046875 0.62578125 0.0671875 0.1328125
6 0.43671875 0.5578125 0.0609375 0.128125
6 0.51015625 0.45078125 0.0796875 0.1484375
6 0.54296875 0.5609375 0.06875 0.1515625
6 0.58828125 0.7546875 0.06875 0.1484375
6 0.62578125 0.71171875 0.0671875 0.1296875
6 0.45 0.8453125 0.071875 0.175