6 0.01796875 0.51640625 0.034375 0.1296875
6 0.13671875 0.3625 0.0390625 0.1109375
4 0.16484375 0.38984375 0.025 0.05625
6 0.27734375 0.4765625 0.0421875 0.1296875
6 0.20859375 0.69140625 0.05 0.15
3 0.3328125 0.47265625 0.040625 0.14375
6 0.353125 0.33046875 0.0421875 0.1046875
6 0.42265625 0.325 0.0390625 0.09375
6 0.4203125 0.3703125 0.040625 0.09375
6 0.5953125 0.48046875 0.0484375 0.1203125
6 0.51015625 0.3234375 0.0359375 0.115625
6 0.70703125 0.375 0.0390625 0.1203125
6 0.7296875 0.390625 0.0453125 0.11875
6 0.74609375 0.4015625 0.028125 0.0953125
6 0.76875 0.4078125 0.03125 0.1109375
6 0.7375 0.4859375 0.03125 0.10625
6 0.871875 0.453125 0.0375 0.1109375
6 0.91171875 0.4828125 0.0578125 0.1421875
5 0.96953125 0.28359375 0.040625 0.1171875
6 0.45859375 0.825 0.0578125 0.1828125