5 0.5703125 0.271875 0.059375 0.13125
6 0.759375 0.359375 0.0640625 0.1296875
6 0.8859375 0.3953125 0.06875 0.125
3 0.8109375 0.63046875 0.065625 0.125
6 0.98671875 0.50703125 0.0265625 0.1359375
6 0.3359375 0.471875 0.0609375 0.1296875
6 0.24921875 0.46484375 0.0484375 0.109375
6 0.21875 0.5328125 0.065625 0.14375
4 0.39296875 0.5234375 0.01875 0.0296875
6 0.421875 0.51484375 0.05625 0.13125
6 0.38203125 0.62734375 0.065625 0.1328125
6 0.4375 0.55859375 0.0578125 0.128125
6 0.50859375 0.45078125 0.0765625 0.146875
6 0.54375 0.56015625 0.0671875 0.1515625
6 0.59296875 0.753125 0.065625 0.1484375
6 0.6296875 0.709375 0.0640625 0.1296875
6 0.45625 0.84609375 0.06875 0.175