5 0.68984375 0.58828125 0.1515625 0.2796875
6 0.6296875 0.48671875 0.0609375 0.115625
6 0.5921875 0.4953125 0.0625 0.1375
6 0.496875 0.47734375 0.084375 0.1890625
6 0.49140625 0.42734375 0.053125 0.109375
6 0.421875 0.40390625 0.053125 0.0984375
3 0.3734375 0.4109375 0.0515625 0.1140625
6 0.32734375 0.42734375 0.0515625 0.11875
6 0.3453125 0.38125 0.0421875 0.0875
6 0.25859375 0.4703125 0.1453125 0.309375
6 0.21875 0.35859375 0.0390625 0.075
6 0.17265625 0.34296875 0.034375 0.0796875
6 0.090625 0.39609375 0.121875 0.234375