6 0.66015625 0.12421875 0.115625 0.025
6 0.58125 0.0359375 0.128125 0.0265625
6 0.59453125 0.26875 0.134375 0.0296875
6 0.5703125 0.35625 0.125 0.0328125
6 0.70390625 0.3546875 0.096875 0.0296875
6 0.70078125 0.39765625 0.1171875 0.028125
6 0.34140625 0.19140625 0.1609375 0.040625
6 0.625 0.52890625 0.11875 0.0296875
6 0.75 0.55078125 0.0984375 0.025
6 0.7578125 0.56953125 0.1015625 0.0359375
6 0.69765625 0.72890625 0.11875 0.0328125
6 0.64453125 0.79453125 0.1078125 0.0296875
6 0.56171875 0.8546875 0.1390625 0.028125
6 0.4203125 0.8390625 0.1359375 0.04375
6 0.34140625 0.9234375 0.1671875 0.0390625