6 0.02578125 0.86484375 0.0515625 0.1453125
6 0.1515625 0.6296875 0.0609375 0.0609375
6 0.09921875 0.49609375 0.05 0.05
3 0.09453125 0.46171875 0.0421875 0.0421875
6 0.209375 0.53359375 0.0625 0.0625
6 0.17265625 0.53828125 0.0625 0.0625
6 0.26328125 0.62421875 0.03125 0.1
6 0.384375 0.48515625 0.0375 0.0765625
3 0.4109375 0.58984375 0.0671875 0.0671875
6 0.43984375 0.509375 0.021875 0.06875
6 0.4234375 0.47109375 0.028125 0.06875
6 0.509375 0.4890625 0.0484375 0.05
6 0.60078125 0.6765625 0.04375 0.0984375
6 0.584375 0.5140625 0.059375 0.059375
6 0.64453125 0.509375 0.0328125 0.0734375
6 0.7359375 0.60390625 0.071875 0.0734375
6 0.803125 0.6 0.071875 0.0703125
6 0.75390625 0.52265625 0.0296875 0.078125