5 0.6203125 0.80703125 0.0984375 0.159375
6 0.2984375 0.71796875 0.0796875 0.1734375
6 0.16796875 0.6234375 0.0890625 0.1578125
6 0.1765625 0.4640625 0.09375 0.1609375
6 0.32265625 0.18359375 0.0859375 0.1390625
6 0.6453125 0.6015625 0.125 0.1828125
6 0.7703125 0.48046875 0.1 0.16875
6 0.81953125 0.03671875 0.1046875 0.0734375
3 0.8640625 0.315625 0.0984375 0.1484375
6 0.9046875 0.53828125 0.0859375 0.15625
6 0.8546875 0.55234375 0.0828125 0.1828125
6 0.51484375 0.07265625 0.09375 0.115625
4 0.87890625 0.57421875 0.028125 0.046875