6 0.60078125 0.3734375 0.040625 0.103125
6 0.2046875 0.31171875 0.0359375 0.10625
5 0.8734375 0.2953125 0.0515625 0.1125
6 0.65703125 0.403125 0.0453125 0.1171875
6 0.5375 0.3140625 0.0421875 0.103125
6 0.4234375 0.303125 0.0328125 0.1
6 0.2625 0.4296875 0.040625 0.1
6 0.528125 0.5609375 0.0421875 0.1234375
6 0.7125 0.51875 0.040625 0.1296875
3 0.11015625 0.42109375 0.034375 0.121875
6 0.0703125 0.42890625 0.040625 0.1296875
6 0.22890625 0.68671875 0.053125 0.096875
6 0.3609375 0.4796875 0.03125 0.096875
6 0.0828125 0.13515625 0.025 0.078125
6 0.36015625 0.57890625 0.0421875 0.1390625
6 0.50703125 0.5125 0.0359375 0.1109375
6 0.41953125 0.24765625 0.028125 0.0796875
4 0.378125 0.52421875 0.015625 0.028125