5 0.54921875 0.3453125 0.028125 0.1203125
6 0.58203125 0.48125 0.0375 0.121875
4 0.6625 0.55 0.015625 0.025
6 0.67734375 0.50703125 0.03125 0.096875
6 0.70859375 0.56484375 0.0375 0.125
6 0.74140625 0.6640625 0.0375 0.14375
6 0.5828125 0.6109375 0.03125 0.096875
6 0.58828125 0.68671875 0.040625 0.115625
6 0.5296875 0.54296875 0.025 0.134375
6 0.49765625 0.5515625 0.034375 0.14375
6 0.37265625 0.396875 0.028125 0.1203125
6 0.24453125 0.34453125 0.025 0.09375
6 0.03359375 0.3140625 0.034375 0.1125
6 0.07890625 0.48125 0.034375 0.11875
6 0.265625 0.60625 0.046875 0.13125
6 0.29375 0.78125 0.0234375 0.1625
6 0.32109375 0.7640625 0.0375 0.15
6 0.48671875 0.934375 0.03125 0.13125