4 0.80859375 0.42421875 0.0265625 0.053125
6 0.06796875 0.6796875 0.0453125 0.1125
6 0.15859375 0.43671875 0.053125 0.1515625
6 0.14921875 0.7 0.0328125 0.10625
6 0.203125 0.721875 0.0359375 0.103125
6 0.24375 0.709375 0.0390625 0.125
6 0.28125 0.5609375 0.053125 0.1421875
6 0.325 0.6765625 0.0359375 0.09375
6 0.35703125 0.68671875 0.0421875 0.10625
6 0.446875 0.6328125 0.0296875 0.1015625
6 0.4546875 0.5671875 0.0546875 0.1046875
6 0.6421875 0.54140625 0.0421875 0.109375
6 0.88671875 0.3984375 0.040625 0.14375
5 0.76875 0.63203125 0.0484375 0.1265625