6 0.6328125 0.84609375 0.175 0.06875
6 0.5359375 0.73046875 0.1421875 0.0578125
6 0.62890625 0.6734375 0.1546875 0.0625
6 0.7078125 0.646875 0.15625 0.059375
3 0.6578125 0.44296875 0.15 0.0734375
6 0.52109375 0.5734375 0.13125 0.0546875
6 0.44296875 0.49609375 0.096875 0.065625
6 0.5328125 0.50546875 0.1234375 0.071875
6 0.48515625 0.62578125 0.1171875 0.0578125
6 0.49609375 0.6546875 0.1078125 0.05
4 0.546875 0.63671875 0.0375 0.021875
6 0.39921875 0.33984375 0.121875 0.05
6 0.434375 0.13828125 0.1078125 0.05
6 0.5609375 0.19296875 0.15 0.05625
6 0.85625 0.32578125 0.18125 0.0703125
6 0.8703125 0.3828125 0.19375 0.08125
5 0.3890625 0.60703125 0.1328125 0.0640625