6 0.08359375 0.3484375 0.0546875 0.1109375
6 0.1828125 0.61484375 0.0703125 0.1640625
6 0.25078125 0.6859375 0.071875 0.1578125
6 0.11171875 0.87734375 0.0828125 0.1203125
6 0.36015625 0.43828125 0.0625 0.121875
6 0.36640625 0.5625 0.0703125 0.140625
6 0.446875 0.42578125 0.0484375 0.121875
6 0.4859375 0.515625 0.0640625 0.1328125
6 0.471875 0.43515625 0.05 0.1125
6 0.57890625 0.51484375 0.05625 0.1359375
6 0.6140625 0.6890625 0.046875 0.11875
6 0.6640625 0.5609375 0.0484375 0.0984375
6 0.72421875 0.65546875 0.0484375 0.1234375
6 0.78046875 0.64609375 0.0671875 0.134375
3 0.271875 0.47265625 0.053125 0.115625