6 0.03046875 0.5921875 0.0609375 0.096875
6 0.1625 0.44921875 0.065625 0.103125
6 0.31875 0.41171875 0.0484375 0.0484375
6 0.2859375 0.55625 0.071875 0.071875
6 0.3515625 0.51484375 0.05625 0.084375
6 0.36875 0.484375 0.053125 0.0796875
6 0.51953125 0.44140625 0.0484375 0.0484375
6 0.471875 0.56015625 0.0640625 0.0640625
6 0.5109375 0.50390625 0.0640625 0.0640625
6 0.48046875 0.62265625 0.05625 0.05625
6 0.3359375 0.834375 0.0765625 0.1078125
6 0.69609375 0.871875 0.0828125 0.1375
6 0.56015625 0.6296875 0.0609375 0.10625
6 0.6546875 0.615625 0.0921875 0.0921875
6 0.70390625 0.53984375 0.0640625 0.0640625
6 0.76953125 0.63984375 0.0921875 0.0921875
6 0.803125 0.74375 0.096875 0.096875
4 0.5921875 0.61484375 0.03125 0.0296875
3 0.44765625 0.6671875 0.05625 0.0921875
6 0.4140625 0.6828125 0.053125 0.075
6 0.4171875 0.65625 0.0484375 0.0484375
3 0.35078125 0.90859375 0.0859375 0.0859375