1 0.65546875 0.5875 0.1015625 0.0578125
1 0.49765625 0.63828125 0.096875 0.0453125
1 0.39140625 0.709375 0.09375 0.05625
1 0.5375 0.896875 0.0921875 0.0453125
1 0.9421875 0.81953125 0.115625 0.0609375
1 0.878125 0.534375 0.1359375 0.0609375
1 0.62734375 0.4421875 0.1 0.040625
1 0.4671875 0.5296875 0.0890625 0.0421875
1 0.40625 0.39921875 0.0890625 0.0453125
1 0.33671875 0.47890625 0.0890625 0.0453125
1 0.24765625 0.21796875 0.08125 0.0421875
1 0.33828125 0.17109375 0.096875 0.040625
1 0.3265625 0.0796875 0.1015625 0.0421875
1 0.48046875 0.165625 0.1140625 0.053125
1 0.2359375 0.3375 0.071875 0.040625
1 0.9265625 0.2859375 0.08125 0.046875