5 0.29375 0.53671875 0.1796875 0.2796875
6 0.4015625 0.58515625 0.071875 0.115625
6 0.42734375 0.55625 0.0765625 0.1359375
6 0.515625 0.51640625 0.1046875 0.1859375
6 0.5484375 0.5546875 0.0640625 0.109375
6 0.61953125 0.53359375 0.0625 0.0984375
3 0.6546875 0.5 0.0625 0.1125
6 0.68359375 0.4609375 0.0640625 0.1171875
6 0.6953125 0.50859375 0.05 0.0859375
6 0.71484375 0.3859375 0.178125 0.30625
6 0.81171875 0.4546875 0.046875 0.075
6 0.8578125 0.44140625 0.0421875 0.0796875
6 0.8953125 0.35 0.1453125 0.234375