6 0.8671875 0.4109375 0.0640625 0.1484375
6 0.70859375 0.60234375 0.05 0.1359375
6 0.684375 0.6046875 0.0625 0.14375
6 0.72109375 0.9234375 0.0859375 0.153125
6 0.5640625 0.27265625 0.0453125 0.1
6 0.51640625 0.275 0.0515625 0.1015625
3 0.40546875 0.453125 0.0734375 0.15
6 0.36953125 0.284375 0.0609375 0.1390625
6 0.3328125 0.2921875 0.05 0.115625
6 0.303125 0.24296875 0.0453125 0.1140625
6 0.23125 0.44765625 0.0625 0.153125
6 0.1953125 0.6578125 0.0765625 0.15625
6 0.165625 0.70859375 0.0796875 0.171875
6 0.08046875 0.465625 0.071875 0.146875
6 0.08125 0.28828125 0.0625 0.1421875
4 0.55546875 0.3109375 0.03125 0.0515625