6 0.5625 0.83984375 0.0515625 0.1375
6 0.51953125 0.5828125 0.05 0.1125
6 0.5359375 0.440625 0.028125 0.128125
6 0.38984375 0.3328125 0.0484375 0.0953125
3 0.19453125 0.40625 0.0421875 0.096875
6 0.14609375 0.5265625 0.0390625 0.1109375
6 0.52421875 0.33671875 0.0296875 0.0921875
6 0.51015625 0.39921875 0.021875 0.0796875
6 0.08671875 0.321875 0.04375 0.096875
6 0.07109375 0.42578125 0.053125 0.109375
6 0.29375 0.24921875 0.028125 0.0734375
6 0.334375 0.26484375 0.021875 0.0640625
3 0.35546875 0.225 0.034375 0.0609375
4 0.50703125 0.2890625 0.0109375 0.021875