6 0.34921875 0.5546875 0.1015625 0.03125
3 0.5078125 0.2859375 0.115625 0.034375
6 0.3390625 0.3796875 0.0921875 0.0265625
6 0.6875 0.759375 0.153125 0.0390625
6 0.6328125 0.20390625 0.134375 0.0390625
6 0.33125 0.3375 0.08125 0.025
6 0.7765625 0.37265625 0.15625 0.04375
6 0.4453125 0.4609375 0.109375 0.03125
3 0.209375 0.40859375 0.0734375 0.0234375
6 0.47578125 0.7890625 0.1203125 0.03125
6 0.4171875 0.64765625 0.109375 0.0296875
6 0.30859375 0.3078125 0.0765625 0.0203125
6 0.41015625 0.13984375 0.115625 0.028125
4 0.35078125 0.31796875 0.015625 0.0078125