4 0.390625 0.35703125 0.03125 0.0421875
6 0.240625 0.33984375 0.04375 0.1390625
6 0.36640625 0.54765625 0.0453125 0.1515625
6 0.4 0.53359375 0.05625 0.146875
6 0.3 0.8328125 0.0609375 0.21875
6 0.6734375 0.44140625 0.046875 0.15
6 0.76484375 0.303125 0.0390625 0.1171875
6 0.771875 0.2765625 0.0390625 0.1234375
6 0.80859375 0.26328125 0.0484375 0.140625
6 0.97109375 0.3296875 0.0421875 0.165625
6 0.8390625 0.4578125 0.046875 0.146875
6 0.93125 0.6703125 0.046875 0.171875
6 0.89453125 0.7328125 0.0578125 0.1796875
6 0.5453125 0.26484375 0.0265625 0.1125
6 0.5171875 0.24921875 0.0375 0.0921875