6 0.425 0.9296875 0.1953125 0.1140625
6 0.63984375 0.9140625 0.1796875 0.0984375
6 0.72109375 0.875 0.134375 0.0765625
6 0.6671875 0.83125 0.1421875 0.0859375
6 0.54921875 0.6234375 0.140625 0.08125
6 0.39375 0.54296875 0.1640625 0.0984375
6 0.415625 0.4984375 0.153125 0.0984375
6 0.31015625 0.459375 0.1796875 0.1015625
6 0.259375 0.34609375 0.175 0.1015625
6 0.49453125 0.43984375 0.1546875 0.0828125
6 0.58203125 0.82109375 0.115625 0.0625
3 0.48125 0.83359375 0.140625 0.0828125
5 0.41640625 0.3296875 0.14375 0.0734375
6 0.55 0.6421875 0.1109375 0.0640625