6 0.65 0.08046875 0.115625 0.0640625
6 0.38203125 0.18046875 0.128125 0.128125
6 0.309375 0.2484375 0.1265625 0.128125
6 0.12109375 0.1078125 0.103125 0.103125
6 0.559375 0.3578125 0.0984375 0.0984375
6 0.434375 0.36484375 0.1140625 0.1140625
6 0.571875 0.4453125 0.1265625 0.0578125
6 0.48125 0.48515625 0.10625 0.10625
6 0.56328125 0.47109375 0.1140625 0.0515625
6 0.48203125 0.57890625 0.1 0.1
6 0.30703125 0.61328125 0.0828125 0.084375
6 0.43515625 0.6640625 0.0765625 0.0765625
6 0.33984375 0.72421875 0.0953125 0.09375
6 0.35078125 0.78046875 0.1390625 0.0765625
3 0.52578125 0.26953125 0.0875 0.0875