5 0.44453125 0.7 0.0515625 0.1125
6 0.78515625 0.4109375 0.0453125 0.1
6 0.5578125 0.525 0.0484375 0.1171875
6 0.621875 0.49921875 0.0515625 0.121875
6 0.6359375 0.4078125 0.040625 0.0953125
6 0.79609375 0.228125 0.021875 0.1125
6 0.565625 0.19921875 0.0296875 0.1015625
6 0.43359375 0.1671875 0.0296875 0.090625
6 0.4734375 0.08359375 0.0328125 0.084375
6 0.1625 0.28359375 0.040625 0.1
6 0.3609375 0.4203125 0.0296875 0.0953125
6 0.4421875 0.45 0.040625 0.1171875
6 0.4078125 0.353125 0.03125 0.109375
6 0.52265625 0.31640625 0.040625 0.103125
6 0.25078125 0.365625 0.034375 0.109375
6 0.1546875 0.14765625 0.0234375 0.0875
6 0.1375 0.1328125 0.0203125 0.08125
4 0.63671875 0.5375 0.0125 0.03125
3 0.715625 0.38671875 0.0375 0.1078125
6 0.028125 0.49375 0.034375 0.11875