3 0.49609375 0.06953125 0.090625 0.05625
6 0.56328125 0.28671875 0.08125 0.05
6 0.58203125 0.44609375 0.0671875 0.0453125
6 0.44765625 0.61484375 0.0703125 0.0703125
6 0.3078125 0.6796875 0.0578125 0.0578125
6 0.35703125 0.78125 0.0453125 0.0453125
6 0.53515625 0.7484375 0.06875 0.0671875
6 0.7859375 0.64609375 0.1015625 0.0640625
6 0.34921875 0.484375 0.046875 0.046875
6 0.33203125 0.44375 0.0640625 0.0640625
5 0.18671875 0.365625 0.040625 0.025
3 0.6859375 0.79765625 0.075 0.040625
6 0.63828125 0.79453125 0.0625 0.0625
6 0.565625 0.9734375 0.0796875 0.053125
6 0.66484375 0.925 0.0625 0.0625
6 0.66015625 0.95078125 0.0609375 0.0578125
6 0.77734375 0.91953125 0.0640625 0.0546875
6 0.9140625 0.8234375 0.06875 0.06875
6 0.96953125 0.70390625 0.0609375 0.1015625