5 0.0796875 0.40078125 0.0828125 0.08125
3 0.5875 0.67890625 0.0875 0.0875
6 0.11875 0.64140625 0.0765625 0.0765625
6 0.18203125 0.57890625 0.05625 0.0828125
6 0.3375 0.52734375 0.084375 0.0828125
6 0.28203125 0.67265625 0.1109375 0.1109375
6 0.36796875 0.6515625 0.0671875 0.0984375
6 0.5125 0.5984375 0.1078125 0.1078125
6 0.559375 0.57421875 0.08125 0.125
6 0.528125 0.4734375 0.0484375 0.0484375
6 0.69296875 0.503125 0.0546875 0.0546875
6 0.6421875 0.62734375 0.0703125 0.0921875
6 0.68671875 0.7609375 0.1046875 0.1046875
6 0.75703125 0.88671875 0.1078125 0.1078125
6 0.78515625 0.765625 0.084375 0.128125
6 0.85546875 0.690625 0.1015625 0.1015625
6 0.90234375 0.72578125 0.090625 0.0921875
6 0.81796875 0.59296875 0.06875 0.0671875
4 0.2125 0.6765625 0.0265625 0.0234375
6 0.190625 0.6859375 0.1125 0.1125