6 0.5625 0.29296875 0.125 0.0484375
5 0.40546875 0.30859375 0.075 0.0328125
6 0.47890625 0.45078125 0.121875 0.0375
6 0.43671875 0.5484375 0.1109375 0.034375
6 0.58125 0.5796875 0.11875 0.0328125
6 0.5609375 0.60234375 0.1328125 0.0375
6 0.50234375 0.61875 0.115625 0.0328125
6 0.44453125 0.57109375 0.1015625 0.028125
6 0.634375 0.4109375 0.11875 0.053125
6 0.6296875 0.203125 0.121875 0.034375
4 0.66015625 0.18671875 0.0375 0.015625
6 0.41015625 0.7828125 0.1 0.0390625
6 0.49375 0.80078125 0.115625 0.0375
6 0.39765625 0.92890625 0.0875 0.0375
6 0.45234375 0.98984375 0.1015625 0.01875
3 0.60546875 0.9796875 0.1375 0.040625