6 0.4328125 0.6390625 0.0453125 0.1609375
6 0.1046875 0.53046875 0.04375 0.1390625
6 0.365625 0.5171875 0.03125 0.1421875
6 0.32890625 0.446875 0.0359375 0.125
6 0.35625 0.40390625 0.0359375 0.1265625
6 0.415625 0.40859375 0.03125 0.128125
6 0.51328125 0.3828125 0.0375 0.146875
6 0.55078125 0.340625 0.0390625 0.1296875
6 0.67421875 0.284375 0.0359375 0.096875
6 0.6296875 0.54609375 0.0375 0.1390625
6 0.7796875 0.43515625 0.04375 0.1296875
6 0.86796875 0.3671875 0.0328125 0.1234375
6 0.8078125 0.346875 0.040625 0.115625
6 0.775 0.259375 0.034375 0.096875
6 0.76328125 0.378125 0.03125 0.109375
3 0.62265625 0.4734375 0.034375 0.1046875
5 0.16796875 0.33125 0.03125 0.09375
3 0.3984375 0.2015625 0.0265625 0.0796875
3 0.8765625 0.1515625 0.0234375 0.071875