6 0.59609375 0.50234375 0.13125 0.0609375
6 0.54140625 0.2921875 0.1234375 0.0484375
6 0.57265625 0.1953125 0.11875 0.05625
6 0.68203125 0.06484375 0.1328125 0.0484375
6 0.58203125 0.0390625 0.11875 0.0484375
6 0.58828125 0.39296875 0.1421875 0.0578125
6 0.59453125 0.43203125 0.1234375 0.05
6 0.4953125 0.2546875 0.109375 0.04375
6 0.478125 0.146875 0.103125 0.0484375
6 0.46875 0.1109375 0.1046875 0.053125
6 0.45078125 0.07890625 0.096875 0.05625
5 0.45703125 0.48984375 0.071875 0.0359375
4 0.55703125 0.61875 0.021875 0.0109375
3 0.45234375 0.009375 0.1078125 0.01875