6 0.64921875 0.825 0.08125 0.08125
6 0.92265625 0.7109375 0.146875 0.1046875
6 0.68515625 0.675 0.0796875 0.078125
6 0.7640625 0.62578125 0.103125 0.0765625
6 0.57109375 0.628125 0.10625 0.0765625
6 0.5046875 0.721875 0.0828125 0.0828125
6 0.5390625 0.61484375 0.078125 0.078125
6 0.41953125 0.45390625 0.0796875 0.05625
6 0.4640625 0.3703125 0.075 0.075
6 0.6203125 0.45 0.1328125 0.134375
3 0.61953125 0.48671875 0.0828125 0.084375
6 0.525 0.5421875 0.096875 0.06875
6 0.40703125 0.571875 0.053125 0.040625
6 0.5171875 0.28671875 0.1015625 0.1015625
6 0.4421875 0.3046875 0.08125 0.08125
6 0.321875 0.278125 0.0796875 0.0796875
6 0.6453125 0.11171875 0.1578125 0.1578125
3 0.89140625 0.275 0.1046875 0.1046875