6 0.8765625 0.95390625 0.1234375 0.040625
6 0.76171875 0.909375 0.1375 0.046875
3 0.575 0.66484375 0.103125 0.040625
6 0.3609375 0.590625 0.11875 0.046875
6 0.8109375 0.57890625 0.115625 0.05625
6 0.6234375 0.22890625 0.115625 0.04375
6 0.61328125 0.36875 0.121875 0.0484375
6 0.5921875 0.41953125 0.134375 0.0578125
6 0.465625 0.49609375 0.146875 0.053125
6 0.40390625 0.43046875 0.1296875 0.0390625
6 0.32265625 0.375 0.128125 0.0515625
6 0.4390625 0.3953125 0.121875 0.0546875
4 0.33359375 0.42734375 0.040625 0.034375
6 0.48984375 0.28359375 0.159375 0.0609375
6 0.40546875 0.18515625 0.1625 0.0578125
6 0.35078125 0.24765625 0.128125 0.0515625