6 0.51328125 0.20078125 0.1375 0.053125
6 0.51484375 0.26171875 0.1484375 0.0375
6 0.42578125 0.23515625 0.103125 0.046875
6 0.31015625 0.03984375 0.1390625 0.040625
6 0.08515625 0.2625 0.1703125 0.071875
6 0.16796875 0.43671875 0.1796875 0.05625
6 0.41015625 0.47890625 0.14375 0.034375
6 0.39140625 0.66796875 0.134375 0.04375
6 0.44296875 0.87734375 0.1375 0.03125
6 0.63203125 0.46328125 0.109375 0.034375
6 0.66796875 0.52109375 0.0875 0.034375
6 0.675 0.63046875 0.090625 0.028125
6 0.6984375 0.80625 0.10625 0.040625
6 0.58671875 0.9078125 0.125 0.0515625
3 0.43984375 0.70390625 0.125 0.03125
4 0.515625 0.64140625 0.04375 0.0125
3 0.775 0.73203125 0.090625 0.028125