6 0.203125 0.71640625 0.1890625 0.11875
6 0.33046875 0.37578125 0.1796875 0.10625
3 0.41484375 0.30546875 0.1796875 0.0984375
6 0.3765625 0.0546875 0.221875 0.109375
6 0.21328125 0.0453125 0.1578125 0.090625
6 0.7125 0.1484375 0.15 0.090625
6 0.53671875 0.4125 0.184375 0.1046875
6 0.5515625 0.3703125 0.146875 0.0796875
6 0.55546875 0.2359375 0.15625 0.0703125
6 0.5796875 0.26796875 0.1640625 0.075
6 0.4828125 0.54140625 0.18125 0.09375
6 0.40078125 0.6125 0.1546875 0.0796875
6 0.39453125 0.57890625 0.1421875 0.0703125
6 0.4421875 0.57734375 0.14375 0.09375
5 0.52578125 0.63828125 0.1328125 0.0796875
6 0.65546875 0.38515625 0.1265625 0.0765625