6 0.47890625 0.81875 0.0703125 0.0421875
5 0.49765625 0.76640625 0.0734375 0.0453125
6 0.540625 0.71015625 0.084375 0.046875
6 0.57578125 0.65546875 0.0875 0.05
6 0.53046875 0.63046875 0.065625 0.0375
6 0.46015625 0.640625 0.046875 0.0265625
6 0.60546875 0.56796875 0.075 0.046875
6 0.678125 0.58515625 0.084375 0.0546875
3 0.63828125 0.4703125 0.075 0.046875
6 0.740625 0.3953125 0.0796875 0.046875
3 0.50234375 0.44453125 0.05 0.0296875
6 0.82421875 0.40625 0.10625 0.0640625
6 0.78359375 0.17421875 0.075 0.04375
6 0.8484375 0.13671875 0.0953125 0.0609375
6 0.94765625 0.24609375 0.0953125 0.059375
4 0.7578125 0.19140625 0.0203125 0.015625