6 0.478125 0.3203125 0.1609375 0.1015625
6 0.6328125 0.765625 0.1671875 0.1125
6 0.4921875 0.58671875 0.140625 0.09375
3 0.37734375 0.45859375 0.13125 0.0828125
6 0.10859375 0.16484375 0.109375 0.0671875
6 0.303125 0.54609375 0.1328125 0.08125
6 0.271875 0.50234375 0.0921875 0.065625
6 0.30625 0.4515625 0.121875 0.075
6 0.3671875 0.36328125 0.125 0.078125
6 0.30625 0.69296875 0.1 0.065625
6 0.3390625 0.7265625 0.0953125 0.0671875
6 0.5015625 0.73203125 0.1015625 0.059375
6 0.5078125 0.70390625 0.1296875 0.0703125
6 0.49375 0.74609375 0.1421875 0.0734375
6 0.39296875 0.73125 0.1125 0.0578125
6 0.4125 0.7 0.11875 0.0640625
4 0.29921875 0.4796875 0.0171875 0.0125