6 0.203125 0.2046875 0.0953125 0.0421875
6 0.86796875 0.1125 0.1578125 0.0421875
6 0.584375 0.13359375 0.1265625 0.046875
6 0.43359375 0.3609375 0.1 0.034375
6 0.54375 0.53828125 0.1140625 0.0421875
6 0.553125 0.596875 0.1328125 0.04375
6 0.42421875 0.14140625 0.1171875 0.040625
6 0.38828125 0.14921875 0.1 0.0375
6 0.3140625 0.18125 0.103125 0.0390625
6 0.3328125 0.51875 0.0921875 0.0421875
6 0.2859375 0.646875 0.090625 0.0296875
6 0.2046875 0.66484375 0.0765625 0.028125
6 0.30234375 0.71328125 0.1 0.0296875
6 0.1671875 0.171875 0.0703125 0.0265625
3 0.390625 0.40703125 0.1046875 0.040625
4 0.26328125 0.60703125 0.0171875 0.0140625
6 0.3453125 0.878125 0.1046875 0.040625