6 0.38671875 0.3875 0.125 0.1984375
6 0.578125 0.3203125 0.096875 0.1671875
6 0.7515625 0.47265625 0.090625 0.1640625
6 0.65859375 0.3796875 0.096875 0.1859375
6 0.6234375 0.48828125 0.0828125 0.1359375
6 0.55390625 0.51640625 0.0640625 0.121875
6 0.56484375 0.4203125 0.0734375 0.1234375
6 0.17421875 0.41875 0.0828125 0.1828125
6 0.015625 0.5875 0.03125 0.171875
6 0.20078125 0.540625 0.0953125 0.171875
6 0.71015625 0.51484375 0.084375 0.1609375
5 0.1296875 0.66328125 0.0828125 0.146875
4 0.6484375 0.44765625 0.0375 0.0515625