6 0.503125 0.48515625 0.0765625 0.0265625
6 0.33046875 0.74453125 0.1046875 0.0390625
6 0.27109375 0.28984375 0.1109375 0.0328125
6 0.28359375 0.2515625 0.1171875 0.0359375
6 0.2796875 0.1265625 0.1140625 0.0375
6 0.26640625 0.15390625 0.1 0.040625
6 0.25 0.18828125 0.115625 0.0390625
6 0.26328125 0.21796875 0.11875 0.0390625
6 0.1015625 0.44453125 0.1203125 0.0421875
6 0.10859375 0.65 0.1265625 0.04375
6 0.19765625 0.74296875 0.128125 0.0453125
6 0.36953125 0.7671875 0.1109375 0.0390625
6 0.296875 0.90546875 0.1078125 0.0390625
6 0.359375 0.92421875 0.1234375 0.040625
3 0.42265625 0.18671875 0.0828125 0.040625
4 0.640625 0.4609375 0.015625 0.0078125
5 0.6875 0.50078125 0.046875 0.0375