3 0.50859375 0.6765625 0.1265625 0.059375
6 0.36484375 0.70859375 0.096875 0.059375
6 0.234375 0.76015625 0.1015625 0.05
6 0.27421875 0.91171875 0.1125 0.0578125
6 0.28125 0.6328125 0.08125 0.0421875
6 0.3875 0.57109375 0.1 0.0453125
4 0.39609375 0.5546875 0.0390625 0.021875
6 0.48671875 0.46015625 0.128125 0.0640625
6 0.40078125 0.4640625 0.096875 0.0328125
6 0.41015625 0.44765625 0.103125 0.0421875
6 0.459375 0.38828125 0.109375 0.0484375
6 0.5078125 0.33828125 0.1125 0.04375
6 0.53046875 0.25390625 0.1296875 0.0578125
6 0.59765625 0.12734375 0.11875 0.0578125
5 0.4234375 0.1796875 0.09375 0.040625
6 0.396875 0.96953125 0.1265625 0.059375