6 0.1765625 0.7734375 0.0296875 0.13125
6 0.24296875 0.52890625 0.0296875 0.08125
3 0.25234375 0.65390625 0.03125 0.1140625
6 0.4546875 0.7328125 0.0203125 0.11875
6 0.546875 0.78203125 0.0296875 0.13125
6 0.3890625 0.54296875 0.034375 0.103125
4 0.325 0.4796875 0.0109375 0.0234375
6 0.46796875 0.5984375 0.0203125 0.0828125
6 0.49453125 0.57109375 0.0203125 0.0890625
6 0.49296875 0.53828125 0.025 0.0859375
4 0.43125 0.56875 0.034375 0.103125
6 0.52578125 0.6203125 0.0296875 0.0984375
6 0.5390625 0.60390625 0.01875 0.1015625
6 0.56015625 0.61484375 0.01875 0.0921875
6 0.69765625 0.621875 0.025 0.10625
6 0.59609375 0.6078125 0.025 0.09375
6 0.64453125 0.60703125 0.0296875 0.1078125
6 0.62734375 0.58359375 0.0296875 0.103125
5 0.6703125 0.55234375 0.028125 0.0828125