6 0.50078125 0.9890625 0.1171875 0.021875
6 0.63671875 0.8125 0.1234375 0.0390625
6 0.4671875 0.82109375 0.046875 0.0421875
6 0.41484375 0.76171875 0.0765625 0.01875
6 0.49453125 0.6328125 0.1015625 0.021875
6 0.57421875 0.596875 0.1109375 0.0265625
6 0.59609375 0.46015625 0.1015625 0.028125
6 0.77109375 0.17109375 0.1453125 0.05
6 0.528125 0.3390625 0.109375 0.0390625
6 0.51328125 0.43203125 0.1015625 0.0203125
6 0.515625 0.471875 0.0859375 0.0296875
6 0.50625 0.496875 0.109375 0.021875
6 0.5171875 0.5453125 0.115625 0.0265625
6 0.4640625 0.53515625 0.0953125 0.0171875
6 0.48984375 0.5234375 0.1078125 0.0265625
6 0.45703125 0.43359375 0.103125 0.0171875
3 0.52421875 0.76953125 0.121875 0.0328125
5 0.46953125 0.2625 0.1046875 0.0265625