6 0.3640625 0.2703125 0.1421875 0.071875
6 0.45390625 0.4453125 0.1109375 0.0453125
3 0.53828125 0.73984375 0.1265625 0.0625
6 0.53984375 0.434375 0.109375 0.040625
6 0.43984375 0.68515625 0.1171875 0.05
6 0.5875 0.54453125 0.1015625 0.0453125
6 0.66171875 0.66953125 0.1109375 0.034375
6 0.7484375 0.765625 0.0765625 0.0328125
6 0.60390625 0.7640625 0.1171875 0.040625
6 0.63046875 0.790625 0.0890625 0.05
6 0.38046875 0.953125 0.146875 0.0484375
6 0.74296875 0.9484375 0.096875 0.046875
3 0.8828125 0.93125 0.065625 0.0328125
5 0.63984375 0.26796875 0.0390625 0.0359375