6 0.65 0.2015625 0.1390625 0.0796875
6 0.6015625 0.13671875 0.15 0.075
6 0.61796875 0.265625 0.1234375 0.059375
6 0.65859375 0.26796875 0.0890625 0.0484375
6 0.25390625 0.128125 0.2 0.0953125
6 0.4265625 0.2796875 0.184375 0.090625
6 0.55859375 0.34921875 0.153125 0.078125
6 0.37265625 0.4921875 0.18125 0.1046875
6 0.35546875 0.6828125 0.1859375 0.1
6 0.58359375 0.88828125 0.1546875 0.09375
5 0.70625 0.85078125 0.115625 0.0703125
4 0.72734375 0.496875 0.034375 0.0234375
6 0.64765625 0.48671875 0.1375 0.075
6 0.6015625 0.52109375 0.1234375 0.075
6 0.63671875 0.5765625 0.1234375 0.065625
6 0.58359375 0.615625 0.15625 0.0875
6 0.59921875 0.68515625 0.1546875 0.08125
6 0.61484375 0.709375 0.1703125 0.090625
3 0.4671875 0.08671875 0.175 0.0890625
6 0.63203125 0.028125 0.1609375 0.05625