6 0.43125 0.1171875 0.125 0.071875
3 0.41171875 0.22890625 0.1125 0.0640625
6 0.41640625 0.309375 0.1203125 0.0640625
6 0.27890625 0.275 0.1359375 0.0796875
6 0.59296875 0.2484375 0.1078125 0.0625
6 0.60078125 0.28515625 0.1046875 0.0484375
6 0.44453125 0.3359375 0.09375 0.046875
6 0.50390625 0.36015625 0.1125 0.0578125
6 0.56953125 0.3234375 0.0796875 0.046875
6 0.53046875 0.39921875 0.109375 0.053125
6 0.53671875 0.434375 0.1015625 0.059375
6 0.4703125 0.48203125 0.1109375 0.0625
6 0.440625 0.58125 0.125 0.0609375
6 0.32578125 0.52578125 0.1171875 0.0640625
6 0.25390625 0.565625 0.1328125 0.0703125
6 0.35 0.6875 0.1203125 0.078125
5 0.559375 0.85546875 0.109375 0.0734375
6 0.42734375 0.6515625 0.1140625 0.05625