5 0.57734375 0.34921875 0.0578125 0.125
6 0.084375 0.409375 0.06875 0.1515625
6 0.4078125 0.91640625 0.115625 0.1625
6 0.70625 0.69609375 0.065625 0.1359375
6 0.54453125 0.71484375 0.06875 0.1484375
6 0.57109375 0.60703125 0.05625 0.1
6 0.6875 0.59375 0.0671875 0.1453125
6 0.678125 0.525 0.0453125 0.103125
4 0.6515625 0.5734375 0.025 0.0515625
6 0.48203125 0.5625 0.0640625 0.1640625
6 0.3921875 0.38828125 0.065625 0.1390625
6 0.27578125 0.30625 0.075 0.1546875
6 0.075 0.22734375 0.059375 0.134375
3 0.240625 0.5625 0.08125 0.16875
6 0.24140625 0.746875 0.065625 0.1734375
6 0.284375 0.73984375 0.0765625 0.18125
6 0.578125 0.49765625 0.0734375 0.13125
6 0.52109375 0.53046875 0.0484375 0.1359375