6 0.4140625 0.30859375 0.09375 0.0546875
5 0.40703125 0.2671875 0.071875 0.059375
4 0.37578125 0.2984375 0.015625 0.0125
6 0.4484375 0.37734375 0.1 0.0484375
6 0.5265625 0.38359375 0.109375 0.0515625
3 0.621875 0.44453125 0.13125 0.0703125
6 0.64453125 0.53125 0.125 0.0578125
6 0.66953125 0.6546875 0.1359375 0.0625
6 0.5171875 0.92421875 0.0859375 0.046875
6 0.7703125 0.725 0.1546875 0.06875
6 0.571875 0.76875 0.1078125 0.0453125
3 0.41875 0.91640625 0.05625 0.0296875
6 0.8953125 0.803125 0.1671875 0.0765625
6 0.8640625 0.35234375 0.175 0.06875
6 0.71015625 0.20703125 0.165625 0.08125