6 0.946875 0.8734375 0.10625 0.0625
6 0.83515625 0.8515625 0.1390625 0.071875
3 0.6046875 0.64765625 0.10625 0.0578125
6 0.38125 0.615625 0.121875 0.0671875
6 0.8203125 0.51796875 0.1203125 0.0765625
6 0.56953125 0.21015625 0.1171875 0.0640625
6 0.5859375 0.34921875 0.125 0.06875
6 0.57578125 0.40390625 0.1390625 0.08125
6 0.465625 0.50234375 0.15 0.078125
6 0.3921875 0.45078125 0.13125 0.0625
6 0.30234375 0.4109375 0.13125 0.0734375
6 0.4203125 0.409375 0.1265625 0.075
4 0.32265625 0.4609375 0.0453125 0.040625
6 0.4484375 0.28984375 0.1625 0.0875
6 0.34765625 0.20859375 0.165625 0.0859375
6 0.30546875 0.28125 0.13125 0.0734375