6 0.3 0.58203125 0.1390625 0.0640625
6 0.215625 0.10234375 0.146875 0.0828125
6 0.5515625 0.240625 0.1140625 0.053125
6 0.5078125 0.17109375 0.1140625 0.0484375
6 0.5921875 0.609375 0.103125 0.0578125
6 0.61953125 0.475 0.10625 0.0625
6 0.59296875 0.42265625 0.109375 0.059375
6 0.6765625 0.39921875 0.1 0.0578125
6 0.65625 0.346875 0.0953125 0.053125
6 0.7109375 0.28984375 0.0875 0.0515625
6 0.659375 0.28515625 0.078125 0.040625
6 0.53203125 0.75546875 0.1140625 0.0546875
6 0.6046875 0.72578125 0.103125 0.0578125
6 0.56875 0.76171875 0.115625 0.0609375
4 0.61953125 0.2796875 0.021875 0.0171875
5 0.7046875 0.86796875 0.13125 0.0546875