3 0.57109375 0.66171875 0.125 0.0578125
6 0.4484375 0.74296875 0.096875 0.0578125
6 0.3453125 0.83828125 0.1015625 0.0484375
6 0.43671875 0.96484375 0.1125 0.05625
6 0.34375 0.70234375 0.08125 0.040625
6 0.4203125 0.60703125 0.1 0.04375
4 0.42265625 0.58828125 0.0390625 0.021875
6 0.4734375 0.4671875 0.128125 0.0609375
6 0.39453125 0.5015625 0.096875 0.03125
6 0.396875 0.48359375 0.103125 0.040625
6 0.421875 0.41015625 0.109375 0.046875
6 0.44921875 0.34609375 0.1125 0.0421875
6 0.43984375 0.259375 0.1296875 0.05625
6 0.4578125 0.1171875 0.11875 0.05625
5 0.3140625 0.228125 0.09375 0.0390625
6 0.57109375 0.97265625 0.1265625 0.0546875
6 0.7734375 0.95 0.140625 0.0421875