6 0.2671875 0.5296875 0.18125 0.10625
6 0.57734375 0.45390625 0.1546875 0.1015625
6 0.68828125 0.234375 0.1546875 0.0921875
6 0.784375 0.3359375 0.140625 0.0953125
6 0.66640625 0.046875 0.1546875 0.090625
6 0.36484375 0.63515625 0.1859375 0.1109375
5 0.5328125 0.72578125 0.1234375 0.0765625
6 0.4609375 0.60546875 0.15 0.0890625
6 0.53984375 0.546875 0.1484375 0.084375
6 0.5421875 0.521875 0.11875 0.075
6 0.78359375 0.4078125 0.1171875 0.075
6 0.803125 0.384375 0.14375 0.0796875
4 0.5515625 0.4609375 0.028125 0.01875