6 0.4640625 0.80234375 0.1390625 0.046875
6 0.4703125 0.771875 0.1015625 0.04375
6 0.43515625 0.73125 0.08125 0.021875
6 0.5109375 0.715625 0.23125 0.0609375
5 0.53515625 0.6734375 0.2265625 0.0578125
6 0.46328125 0.603125 0.159375 0.04375
6 0.45078125 0.565625 0.128125 0.0359375
6 0.60859375 0.55390625 0.409375 0.103125
3 0.44296875 0.48828125 0.1078125 0.0453125
6 0.4234375 0.309375 0.08125 0.0265625
6 0.42265625 0.27265625 0.0453125 0.0234375
6 0.5390625 0.23046875 0.3390625 0.078125
6 0.503125 0.13359375 0.2375 0.0578125
6 0.6125 0.17890625 0.4609375 0.0875
4 0.95234375 0.51171875 0.0953125 0.1078125