6 0.04453125 0.44765625 0.0890625 0.1671875
6 0.1265625 0.4 0.078125 0.14375
6 0.171875 0.33828125 0.0546875 0.115625
6 0.28984375 0.23984375 0.0828125 0.1203125
6 0.38515625 0.56953125 0.084375 0.125
6 0.57421875 0.69375 0.1359375 0.240625
6 0.4453125 0.859375 0.0890625 0.15625
6 0.496875 0.48359375 0.075 0.08125
6 0.52578125 0.4046875 0.06875 0.125
6 0.50546875 0.3875 0.0578125 0.1015625
6 0.44765625 0.4015625 0.0796875 0.1140625
6 0.3890625 0.46796875 0.0625 0.1171875
6 0.3984375 0.384375 0.078125 0.14375
6 0.35703125 0.390625 0.084375 0.1640625
6 0.30625 0.50703125 0.0640625 0.090625
3 0.27890625 0.6015625 0.06875 0.128125
6 0.9015625 0.759375 0.090625 0.165625
5 0.64609375 0.4625 0.1171875 0.13125