3 0.45546875 0.825 0.15625 0.0703125
6 0.37265625 0.92421875 0.18125 0.0765625
6 0.52734375 0.909375 0.1375 0.0921875
6 0.56875 0.68046875 0.1265625 0.053125
6 0.52734375 0.65390625 0.140625 0.0609375
6 0.38671875 0.559375 0.1765625 0.0890625
6 0.40546875 0.48828125 0.1953125 0.09375
6 0.45390625 0.4 0.15 0.109375
6 0.3359375 0.378125 0.1375 0.065625
6 0.28984375 0.2734375 0.1609375 0.09375
5 0.3734375 0.31875 0.134375 0.0625
6 0.69609375 0.95625 0.1328125 0.0546875
6 0.6140625 0.9421875 0.11875 0.0515625