5 0.43203125 0.35546875 0.10625 0.046875
6 0.53046875 0.309375 0.128125 0.05
6 0.5453125 0.33203125 0.1421875 0.05625
6 0.525 0.3578125 0.1375 0.0546875
6 0.4796875 0.4625 0.1109375 0.053125
6 0.53359375 0.46015625 0.1078125 0.0625
6 0.59140625 0.42734375 0.146875 0.065625
6 0.62109375 0.5890625 0.1328125 0.0546875
6 0.50078125 0.6078125 0.1125 0.0421875
6 0.465625 0.68828125 0.140625 0.0515625
6 0.51640625 0.72109375 0.1265625 0.05625
6 0.63671875 0.68984375 0.1421875 0.05625
6 0.459375 0.7546875 0.125 0.05
6 0.4875 0.771875 0.103125 0.04375
6 0.525 0.8171875 0.125 0.053125
6 0.4328125 0.8671875 0.1125 0.0453125
6 0.5171875 0.8765625 0.103125 0.04375
4 0.553125 0.7953125 0.040625 0.028125