6 0.1984375 0.60390625 0.0421875 0.1453125
6 0.12109375 0.63671875 0.0328125 0.1671875
6 0.08046875 0.61875 0.0421875 0.1375
3 0.03125 0.6 0.0359375 0.1484375
6 0.05 0.81015625 0.05 0.1984375
6 0.2140625 0.79375 0.025 0.1859375
6 0.24140625 0.84140625 0.0296875 0.18125
6 0.29765625 0.83984375 0.0390625 0.184375
6 0.25625 0.7296875 0.0390625 0.1734375
6 0.39140625 0.615625 0.05 0.1296875
6 0.4 0.77578125 0.034375 0.14375
5 0.75390625 0.66953125 0.0421875 0.11875
4 0.65703125 0.6484375 0.0125 0.0234375