4 0.328125 0.73515625 0.053125 0.11875
6 0.53359375 0.646875 0.20625 0.5984375
6 0.54296875 0.41328125 0.0375 0.09375
6 0.3140625 0.41953125 0.0125 0.0390625
6 0.2734375 0.41875 0.0125 0.040625
6 0.40078125 0.45859375 0.0375 0.30625
6 0.37109375 0.421875 0.0140625 0.0625
6 0.353125 0.41953125 0.0125 0.053125
6 0.31328125 0.42109375 0.01875 0.05
6 0.125 0.42734375 0.01875 0.078125
3 0.04453125 0.44375 0.021875 0.13125
6 0.01171875 0.4421875 0.021875 0.1140625
6 0.1875 0.43984375 0.025 0.109375
6 0.22265625 0.46484375 0.040625 0.2265625
6 0.24296875 0.428125 0.0234375 0.1046875