6 0.08203125 0.24140625 0.05625 0.1203125
6 0.34765625 0.2765625 0.053125 0.1109375
6 0.24140625 0.29921875 0.0625 0.1296875
3 0.06015625 0.384375 0.0609375 0.1421875
6 0.37421875 0.3359375 0.053125 0.121875
6 0.13984375 0.34375 0.0609375 0.1484375
5 0.71484375 0.34296875 0.0609375 0.109375
6 0.2109375 0.48125 0.0625 0.159375
6 0.35078125 0.475 0.0578125 0.14375
6 0.44609375 0.53203125 0.065625 0.159375
6 0.40546875 0.4234375 0.053125 0.140625
6 0.3328125 0.40234375 0.0484375 0.13125
6 0.77734375 0.5453125 0.0546875 0.121875
6 0.73125 0.51015625 0.05625 0.134375
6 0.0765625 0.6421875 0.065625 0.178125
4 0.7875 0.440625 0.0328125 0.0421875