3 0.89375 0.4546875 0.0609375 0.153125
6 0.71015625 0.43515625 0.0734375 0.15
6 0.5890625 0.5734375 0.078125 0.178125
6 0.51328125 0.51484375 0.0640625 0.1484375
6 0.6234375 0.41015625 0.05625 0.1390625
6 0.86328125 0.3171875 0.059375 0.109375
6 0.88671875 0.2203125 0.059375 0.140625
6 0.94140625 0.22421875 0.0546875 0.1453125
6 0.54921875 0.3515625 0.0671875 0.15
6 0.50546875 0.36875 0.0625 0.1484375
6 0.4609375 0.45703125 0.059375 0.1421875
6 0.42734375 0.42578125 0.059375 0.14375
6 0.36484375 0.44140625 0.0609375 0.1078125
5 0.15703125 0.41796875 0.06875 0.1625
4 0.64140625 0.4609375 0.025 0.0359375
3 0.2765625 0.2640625 0.0640625 0.115625
3 0.884375 0.04453125 0.0375 0.0890625