6 0.05234375 0.453125 0.0453125 0.1
6 0.1671875 0.6015625 0.04375 0.0796875
6 0.865625 0.8828125 0.065625 0.11875
3 0.2359375 0.53125 0.04375 0.0828125
6 0.25859375 0.4296875 0.034375 0.071875
6 0.36796875 0.5875 0.0359375 0.078125
6 0.3796875 0.515625 0.0421875 0.09375
6 0.39765625 0.4984375 0.0375 0.075
6 0.4390625 0.50625 0.046875 0.090625
6 0.4546875 0.584375 0.0421875 0.084375
6 0.47421875 0.55234375 0.0421875 0.1015625
6 0.49609375 0.53046875 0.0375 0.0875
6 0.49921875 0.57109375 0.0328125 0.0890625
6 0.50703125 0.58359375 0.0375 0.08125
6 0.56796875 0.5453125 0.046875 0.0890625
6 0.571875 0.5859375 0.0421875 0.0953125
6 0.64453125 0.61328125 0.0484375 0.0921875
6 0.54921875 0.6640625 0.0546875 0.096875
6 0.3515625 0.64375 0.01875 0.0328125
6 0.22734375 0.47265625 0.046875 0.0515625
6 0.26796875 0.4875 0.0515625 0.0625
5 0.675 0.57109375 0.040625 0.090625