6 0.7 0.91796875 0.115625 0.0578125
3 0.38125 0.828125 0.1359375 0.0625
5 0.70390625 0.41015625 0.0984375 0.046875
6 0.57421875 0.85 0.1328125 0.059375
6 0.56171875 0.7234375 0.109375 0.05
6 0.4296875 0.41796875 0.1484375 0.0625
6 0.32734375 0.53828125 0.1453125 0.0609375
6 0.76953125 0.94453125 0.1046875 0.0453125
6 0.41171875 0.27421875 0.1171875 0.053125
6 0.3125 0.8859375 0.1484375 0.059375
6 0.38125 0.228125 0.1234375 0.053125
4 0.36875 0.2046875 0.0265625 0.015625
6 0.1421875 0.65390625 0.1734375 0.0796875
3 0.8265625 0.5453125 0.071875 0.0390625
6 0.64453125 0.73203125 0.115625 0.0515625