6 0.83671875 0.2984375 0.0328125 0.1140625
6 0.78984375 0.3953125 0.03125 0.103125
6 0.57109375 0.46015625 0.0390625 0.13125
6 0.51953125 0.30625 0.0328125 0.1015625
3 0.41015625 0.43515625 0.03125 0.1109375
6 0.3828125 0.58359375 0.034375 0.14375
6 0.32734375 0.546875 0.0359375 0.115625
6 0.28671875 0.58984375 0.0328125 0.1140625
6 0.22109375 0.41875 0.0453125 0.121875
6 0.21015625 0.625 0.0390625 0.1234375
6 0.1625 0.65078125 0.0375 0.1296875
6 0.1171875 0.63125 0.0359375 0.1109375
6 0.06953125 0.6375 0.034375 0.1515625
6 0.01875 0.6421875 0.0375 0.1390625
6 0.10703125 0.4828125 0.0328125 0.1203125
6 0.19375 0.5765625 0.028125 0.1140625
5 0.146875 0.8609375 0.0546875 0.1703125
6 0.07734375 0.2328125 0.0328125 0.109375
4 0.6828125 0.2734375 0.0203125 0.0265625
3 0.78125 0.090625 0.025 0.071875