6 0.33671875 0.60859375 0.0828125 0.196875
6 0.5390625 0.62421875 0.0828125 0.203125
6 0.61171875 0.46484375 0.0609375 0.171875
6 0.73828125 0.4296875 0.0484375 0.1421875
6 0.7140625 0.33359375 0.04375 0.128125
6 0.8125 0.3515625 0.040625 0.1328125
6 0.58203125 0.3921875 0.0390625 0.06875
6 0.3765625 0.3484375 0.0671875 0.14375
6 0.325 0.36015625 0.05625 0.15
6 0.22265625 0.35546875 0.059375 0.15
5 0.51875 0.3984375 0.0625 0.0859375
6 0.87578125 0.61953125 0.0671875 0.1765625
3 0.946875 0.540625 0.084375 0.1703125
6 0.96953125 0.45 0.05625 0.1