5 0.52734375 0.3328125 0.053125 0.125
6 0.0765625 0.5421875 0.0640625 0.1515625
6 0.53984375 0.921875 0.1109375 0.15625
6 0.75703125 0.62265625 0.0625 0.134375
6 0.60859375 0.690625 0.0640625 0.146875
6 0.6 0.5796875 0.053125 0.0984375
6 0.70703125 0.53125 0.0625 0.14375
6 0.67734375 0.46875 0.0421875 0.1015625
4 0.66640625 0.5234375 0.0234375 0.0515625
6 0.50234375 0.56484375 0.059375 0.1625
6 0.3625 0.42734375 0.0625 0.1375
6 0.2265625 0.38515625 0.0703125 0.153125
6 0.01953125 0.371875 0.0390625 0.134375
3 0.27265625 0.6390625 0.075 0.16875
6 0.33046875 0.81484375 0.0609375 0.171875
6 0.36875 0.79453125 0.0703125 0.1796875
6 0.5734375 0.47421875 0.0703125 0.1296875
6 0.52890625 0.52265625 0.04375 0.1359375