6 0.646875 0.43359375 0.065625 0.1078125
4 0.66953125 0.62890625 0.034375 0.046875
6 0.8359375 0.5328125 0.0671875 0.1125
6 0.84296875 0.6015625 0.0953125 0.1296875
6 0.7578125 0.6234375 0.0796875 0.125
6 0.6671875 0.896875 0.0984375 0.175
6 0.57734375 0.93125 0.1140625 0.1375
6 0.3921875 0.68359375 0.0890625 0.1359375
6 0.30546875 0.57421875 0.0921875 0.15
6 0.29609375 0.48125 0.084375 0.140625
6 0.09609375 0.5625 0.0984375 0.1703125
6 0.3640625 0.4796875 0.0828125 0.13125
6 0.40859375 0.47421875 0.0828125 0.15
5 0.40234375 0.3640625 0.0640625 0.0984375
6 0.49609375 0.52109375 0.0890625 0.14375
6 0.5515625 0.47890625 0.059375 0.1046875
6 0.5390625 0.54140625 0.0734375 0.1265625
3 0.48984375 0.6671875 0.0984375 0.1484375