6 0.2625 0.659375 0.1609375 0.1125
6 0.2453125 0.51484375 0.19375 0.1703125
3 0.33125 0.3296875 0.1765625 0.0734375
6 0.48359375 0.49921875 0.171875 0.06875
6 0.4796875 0.39921875 0.1078125 0.06875
6 0.4765625 0.303125 0.1609375 0.0796875
6 0.49453125 0.2171875 0.1390625 0.0875
6 0.37578125 0.2328125 0.125 0.0640625
6 0.38203125 0.03671875 0.1484375 0.0734375
6 0.15546875 0.1390625 0.234375 0.103125
6 0.153125 0.24453125 0.1359375 0.0703125
6 0.534375 0.378125 0.103125 0.0546875
3 0.6953125 0.06015625 0.14375 0.0828125
5 0.53671875 0.540625 0.0828125 0.078125
6 0.48515625 0.70078125 0.1546875 0.0890625
6 0.465625 0.9328125 0.1140625 0.078125
6 0.52109375 0.67421875 0.121875 0.0578125