3 0.7625 0.41796875 0.0625 0.221875
6 0.85703125 0.28359375 0.0625 0.1875
6 0.53515625 0.48203125 0.08125 0.1921875
6 0.60234375 0.60390625 0.0453125 0.153125
6 0.46171875 0.578125 0.0484375 0.1203125
6 0.43359375 0.64921875 0.0453125 0.121875
6 0.3625 0.38828125 0.0578125 0.2
6 0.30078125 0.40546875 0.04375 0.2046875
6 0.265625 0.38671875 0.071875 0.184375
6 0.25390625 0.55703125 0.040625 0.14375
6 0.31484375 0.53046875 0.034375 0.13125
5 0.3375 0.55859375 0.046875 0.128125
6 0.37578125 0.50859375 0.04375 0.1484375
6 0.35859375 0.65078125 0.034375 0.0890625