6 0.24140625 0.959375 0.0953125 0.08125
6 0.16015625 0.721875 0.0734375 0.1390625
6 0.34375 0.5546875 0.0875 0.125
6 0.478125 0.50703125 0.0890625 0.115625
6 0.859375 0.42109375 0.09375 0.159375
6 0.98515625 0.625 0.0296875 0.14375
6 0.88125 0.25546875 0.0734375 0.1234375
6 0.67265625 0.19140625 0.053125 0.0875
6 0.6140625 0.18671875 0.05 0.0890625
6 0.5078125 0.175 0.05 0.0890625
4 0.5671875 0.2140625 0.0203125 0.021875
6 0.4359375 0.240625 0.0546875 0.0875
6 0.3453125 0.31875 0.0609375 0.0984375
6 0.3421875 0.43359375 0.0578125 0.0921875
3 0.2875 0.45625 0.059375 0.1078125
6 0.12890625 0.53203125 0.06875 0.115625
6 0.1609375 0.4828125 0.059375 0.09375
6 0.115625 0.4125 0.05625 0.1
6 0.1171875 0.33671875 0.04375 0.0828125
6 0.1171875 0.30859375 0.040625 0.0734375
3 0.0984375 0.3109375 0.0296875 0.05625