6 0.6390625 0.8859375 0.109375 0.04375
6 0.61875 0.8421875 0.090625 0.040625
6 0.57734375 0.79921875 0.08125 0.0328125
6 0.29609375 0.8609375 0.1484375 0.046875
6 0.42890625 0.7640625 0.1484375 0.0375
6 0.4046875 0.83359375 0.09375 0.028125
6 0.4890625 0.7375 0.115625 0.025
6 0.5046875 0.703125 0.121875 0.05
6 0.29140625 0.64765625 0.1390625 0.040625
6 0.21015625 0.5953125 0.159375 0.05625
6 0.3953125 0.5421875 0.165625 0.04375
6 0.28203125 0.4703125 0.1328125 0.046875
6 0.43046875 0.60703125 0.1015625 0.040625
3 0.45078125 0.8625 0.1421875 0.028125
6 0.3859375 0.36953125 0.153125 0.0484375
5 0.48125 0.2890625 0.0875 0.053125