5 0.46640625 0.4328125 0.0765625 0.11875
3 0.1671875 0.41953125 0.071875 0.125
3 0.7328125 0.946875 0.090625 0.10625
6 0.39375 0.65546875 0.0921875 0.15
6 0.26171875 0.56484375 0.0859375 0.1375
6 0.31796875 0.52265625 0.0578125 0.0921875
6 0.45859375 0.8609375 0.0859375 0.1484375
6 0.5390625 0.79140625 0.0984375 0.153125
6 0.61875 0.84609375 0.1078125 0.1484375
6 0.25703125 0.38515625 0.0828125 0.1296875
6 0.2578125 0.33984375 0.053125 0.09375
6 0.4390625 0.5375 0.0921875 0.109375
6 0.40078125 0.47265625 0.0703125 0.096875
6 0.37890625 0.42890625 0.090625 0.1140625
6 0.32890625 0.42421875 0.078125 0.1359375