4 0.55234375 0.55 0.0203125 0.0140625
6 0.49140625 0.6515625 0.1078125 0.0375
6 0.584375 0.73359375 0.1265625 0.0390625
6 0.6171875 0.77734375 0.1171875 0.040625
6 0.56015625 0.84765625 0.115625 0.0375
6 0.55 0.92421875 0.1171875 0.04375
6 0.465625 0.9703125 0.1015625 0.0375
6 0.75546875 0.57265625 0.13125 0.0453125
6 0.64765625 0.6171875 0.13125 0.040625
6 0.6046875 0.62734375 0.1296875 0.0421875
6 0.503125 0.84765625 0.071875 0.0359375
6 0.37578125 0.90234375 0.1109375 0.034375
6 0.4390625 0.8 0.103125 0.034375
6 0.4328125 0.87890625 0.1125 0.0375
6 0.421875 0.85703125 0.1 0.0296875
6 0.40234375 0.85078125 0.1203125 0.0359375
3 0.39609375 0.70390625 0.1 0.0453125
5 0.49140625 0.22890625 0.121875 0.0390625