6 0.534375 0.7296875 0.15 0.075
6 0.76171875 0.50390625 0.196875 0.0921875
6 0.5890625 0.24609375 0.1578125 0.0703125
6 0.49296875 0.10546875 0.165625 0.0796875
6 0.34140625 0.1390625 0.1484375 0.0703125
6 0.50234375 0.26015625 0.1234375 0.05625
6 0.47265625 0.39765625 0.121875 0.075
6 0.49765625 0.55625 0.1375 0.075
6 0.3984375 0.4359375 0.1328125 0.0765625
6 0.45234375 0.528125 0.1109375 0.059375
3 0.5796875 0.48359375 0.15625 0.0828125
5 0.2453125 0.70078125 0.1296875 0.0703125
6 0.728125 0.9734375 0.1875 0.053125