5 0.76640625 0.20078125 0.0390625 0.1171875
6 0.9234375 0.19765625 0.0453125 0.125
6 0.8296875 0.41484375 0.05 0.13125
3 0.86796875 0.49296875 0.0640625 0.1453125
6 0.746875 0.3109375 0.05 0.1140625
6 0.615625 0.51171875 0.0515625 0.125
6 0.51875 0.48515625 0.0578125 0.1390625
6 0.45703125 0.54921875 0.053125 0.13125
6 0.47578125 0.6734375 0.0328125 0.0984375
6 0.4640625 0.68359375 0.0359375 0.0984375
4 0.4359375 0.6421875 0.0203125 0.0328125
6 0.37734375 0.63984375 0.05625 0.1515625
6 0.24140625 0.59140625 0.053125 0.1171875
6 0.253125 0.65078125 0.071875 0.11875