6 0.759375 0.478125 0.1359375 0.0671875
6 0.7125 0.6375 0.125 0.0609375
6 0.63125 0.62109375 0.13125 0.05625
6 0.64296875 0.71484375 0.1 0.046875
6 0.68046875 0.85234375 0.0984375 0.040625
6 0.65390625 0.8640625 0.0921875 0.0390625
6 0.6390625 0.82578125 0.09375 0.053125
6 0.5453125 0.7 0.1171875 0.059375
6 0.534375 0.8203125 0.096875 0.0421875
6 0.5515625 0.88359375 0.0984375 0.0515625
6 0.53125 0.8359375 0.0953125 0.05
4 0.56328125 0.5578125 0.0171875 0.0125
3 0.46875 0.8125 0.0953125 0.0515625
5 0.41171875 0.27734375 0.1125 0.046875