1 0.00859375 0.53828125 0.0171875 0.1390625
1 0.08046875 0.58203125 0.0609375 0.1546875
1 0.12265625 0.34140625 0.05 0.109375
1 0.21015625 0.38671875 0.053125 0.115625
1 0.265625 0.4046875 0.059375 0.1078125
1 0.3328125 0.69296875 0.053125 0.134375
1 0.11875 0.8578125 0.0703125 0.1265625
1 0.378125 0.66484375 0.0765625 0.1265625
1 0.38203125 0.78515625 0.0609375 0.140625
1 0.51328125 0.64140625 0.0546875 0.1265625
1 0.62578125 0.78515625 0.0515625 0.10625
1 0.66484375 0.82421875 0.0609375 0.128125
1 0.60859375 0.4375 0.0484375 0.1