6 0.64140625 0.57421875 0.075 0.1859375
6 0.478125 0.69453125 0.0546875 0.1609375
6 0.2671875 0.6 0.0484375 0.1578125
6 0.38359375 0.66171875 0.0453125 0.1828125
6 0.38515625 0.54765625 0.0484375 0.1265625
6 0.44375 0.5 0.0296875 0.1171875
6 0.4609375 0.5953125 0.040625 0.1171875
6 0.83515625 0.4828125 0.03125 0.1828125
6 0.9671875 0.265625 0.0484375 0.1671875
6 0.77421875 0.3734375 0.0484375 0.1671875
6 0.29453125 0.54765625 0.0390625 0.15625
5 0.80625 0.2359375 0.04375 0.1390625
4 0.3734375 0.59375 0.0234375 0.046875