6 0.06796875 0.44375 0.0859375 0.1421875
6 0.034375 0.65859375 0.06875 0.1640625
6 0.103125 0.33046875 0.075 0.1078125
6 0.23515625 0.3625 0.0765625 0.1109375
6 0.31484375 0.57890625 0.0765625 0.11875
6 0.37421875 0.36015625 0.065625 0.1015625
3 0.315625 0.4140625 0.0671875 0.1234375
6 0.42734375 0.38359375 0.06875 0.1171875
6 0.4703125 0.28125 0.05625 0.0859375
6 0.5375 0.76953125 0.0640625 0.121875
6 0.5859375 0.496875 0.0859375 0.1234375
6 0.546875 0.38046875 0.0484375 0.0875
6 0.49765625 0.34765625 0.0671875 0.1109375
6 0.46171875 0.49765625 0.0703125 0.1125
6 0.44375 0.47265625 0.053125 0.096875
6 0.65 0.671875 0.0734375 0.11875
6 0.6984375 0.646875 0.071875 0.115625
6 0.71953125 0.7328125 0.090625 0.1734375
5 0.91328125 0.628125 0.09375 0.15625
6 0.52734375 0.36171875 0.0625 0.0921875