6 0.48359375 0.16953125 0.0859375 0.0453125
6 0.58984375 0.08828125 0.1078125 0.05
6 0.52109375 0.22734375 0.0890625 0.0453125
6 0.63671875 0.23125 0.103125 0.0484375
6 0.503125 0.28828125 0.0921875 0.0453125
3 0.6453125 0.2953125 0.1078125 0.0515625
6 0.49765625 0.35 0.0890625 0.0375
6 0.6 0.2546875 0.0953125 0.0421875
6 0.5109375 0.378125 0.0875 0.0390625
6 0.62109375 0.571875 0.10625 0.0484375
3 0.42109375 0.27265625 0.0640625 0.0359375
6 0.740625 0.66796875 0.1140625 0.0453125
6 0.5015625 0.4515625 0.1015625 0.0484375
6 0.49453125 0.40859375 0.0890625 0.040625