6 0.4 0.3734375 0.10625 0.0421875
4 0.584375 0.3046875 0.0453125 0.025
6 0.45078125 0.16640625 0.1125 0.04375
6 0.515625 0.1421875 0.121875 0.06875
6 0.5578125 0.2203125 0.125 0.053125
6 0.84453125 0.24140625 0.178125 0.0609375
6 0.915625 0.3125 0.16875 0.071875
6 0.7046875 0.56015625 0.134375 0.0609375
6 0.61875 0.6703125 0.1515625 0.0609375
6 0.53125 0.70234375 0.140625 0.053125
6 0.65859375 0.8765625 0.16875 0.0609375
6 0.51328125 0.63671875 0.1296875 0.0546875
6 0.496875 0.5953125 0.153125 0.0484375
5 0.3921875 0.62734375 0.096875 0.04375
6 0.52109375 0.49921875 0.14375 0.059375
6 0.4671875 0.45546875 0.1046875 0.0359375
6 0.53125 0.45234375 0.128125 0.0453125
3 0.6640625 0.46953125 0.1453125 0.071875