3 0.38203125 0.62578125 0.0828125 0.1390625
6 0.51484375 0.7203125 0.0546875 0.0953125
6 0.4921875 0.68046875 0.059375 0.103125
6 0.328125 0.603125 0.06875 0.1203125
6 0.190625 0.46171875 0.08125 0.1390625
6 0.58046875 0.6109375 0.0640625 0.10625
6 0.659375 0.6296875 0.075 0.1125
6 0.75703125 0.553125 0.065625 0.1140625
6 0.746875 0.5390625 0.065625 0.1015625
6 0.79296875 0.484375 0.071875 0.1234375
6 0.88828125 0.45 0.0640625 0.090625
6 0.875 0.403125 0.078125 0.1125
6 0.8609375 0.3625 0.0921875 0.13125
6 0.64609375 0.40859375 0.0734375 0.1265625
6 0.603125 0.453125 0.0671875 0.1234375
6 0.2203125 0.82734375 0.053125 0.09375
4 0.215625 0.784375 0.03125 0.034375
6 0.1109375 0.675 0.08125 0.134375
5 0.9875 0.51484375 0.025 0.1328125
6 0.4109375 0.1515625 0.1234375 0.1921875