6 0.31171875 0.11015625 0.2125 0.0796875
6 0.5171875 0.37734375 0.175 0.071875
6 0.58046875 0.5359375 0.1734375 0.065625
6 0.63359375 0.575 0.16875 0.0703125
6 0.684375 0.27890625 0.1625 0.06875
6 0.61484375 0.01953125 0.1453125 0.0390625
6 0.784375 0.07578125 0.1203125 0.053125
6 0.80078125 0.34375 0.1203125 0.053125
6 0.82890625 0.46953125 0.1015625 0.0359375
6 0.7890625 0.45 0.103125 0.0453125
6 0.59453125 0.396875 0.153125 0.0484375
6 0.60859375 0.44375 0.1703125 0.0671875
6 0.603125 0.48671875 0.1421875 0.053125
3 0.76875 0.18125 0.115625 0.0515625
4 0.78984375 0.478125 0.028125 0.015625