5 0.74296875 0.19609375 0.0484375 0.125
4 0.33515625 0.73515625 0.0171875 0.0328125
6 0.30546875 0.6875 0.0421875 0.115625
6 0.3140625 0.6078125 0.053125 0.0984375
6 0.3265625 0.58125 0.046875 0.0984375
6 0.34921875 0.6828125 0.0515625 0.14375
6 0.3984375 0.55703125 0.0609375 0.1515625
6 0.440625 0.6828125 0.0765625 0.178125
6 0.51953125 0.5875 0.071875 0.15625
6 0.6203125 0.51875 0.059375 0.1390625
6 0.74453125 0.3328125 0.05625 0.1234375
6 0.81328125 0.46328125 0.0546875 0.1390625
3 0.915625 0.5 0.053125 0.140625
6 0.92265625 0.19609375 0.053125 0.1375