4 0.52421875 0.5296875 0.025 0.015625
6 0.5265625 0.47265625 0.09375 0.0453125
6 0.54609375 0.396875 0.096875 0.0328125
6 0.45078125 0.41171875 0.08125 0.025
6 0.35546875 0.43515625 0.0640625 0.0203125
6 0.60390625 0.2953125 0.096875 0.0453125
6 0.78125 0.221875 0.140625 0.05625
3 0.57890625 0.028125 0.1046875 0.0296875
6 0.578125 0.225 0.1046875 0.028125
6 0.5515625 0.2140625 0.10625 0.0234375
6 0.421875 0.21640625 0.0796875 0.0265625
6 0.3625 0.1734375 0.0734375 0.0171875
6 0.30234375 0.36171875 0.046875 0.0171875
6 0.29375 0.578125 0.0390625 0.0140625
6 0.60234375 0.0109375 0.115625 0.021875