3 0.66171875 0.35234375 0.0609375 0.15
6 0.94765625 0.41171875 0.084375 0.203125
6 0.97890625 0.5453125 0.0421875 0.13125
6 0.86015625 0.66015625 0.046875 0.1734375
6 0.73515625 0.5859375 0.0546875 0.153125
6 0.6734375 0.57890625 0.0421875 0.146875
6 0.6265625 0.5265625 0.0359375 0.1
6 0.63125 0.615625 0.028125 0.1046875
6 0.4796875 0.534375 0.059375 0.10625
6 0.5234375 0.4203125 0.0578125 0.134375
6 0.38359375 0.28046875 0.0796875 0.159375
6 0.225 0.390625 0.0453125 0.1453125
6 0.17109375 0.40234375 0.0578125 0.134375
6 0.56796875 0.51171875 0.034375 0.140625
6 0.5296875 0.553125 0.046875 0.1640625
5 0.40234375 0.53828125 0.0453125 0.134375