6 0.26484375 0.678125 0.0890625 0.15
6 0.25234375 0.596875 0.0671875 0.103125
6 0.39375 0.6484375 0.103125 0.1546875
4 0.45546875 0.65234375 0.04375 0.05625
6 0.46015625 0.53671875 0.0890625 0.1328125
6 0.49765625 0.690625 0.0859375 0.1546875
6 0.61640625 0.484375 0.08125 0.159375
6 0.51328125 0.4828125 0.0765625 0.1359375
6 0.72578125 0.29375 0.090625 0.153125
6 0.81015625 0.3671875 0.0671875 0.121875
6 0.8765625 0.15 0.0921875 0.1578125
3 0.86640625 0.4578125 0.0796875 0.15625
5 0.72890625 0.15703125 0.090625 0.1265625