6 0.53046875 0.7140625 0.1640625 0.0515625
6 0.4734375 0.76484375 0.1203125 0.0390625
6 0.553125 0.86796875 0.1671875 0.053125
6 0.57890625 0.396875 0.1671875 0.046875
6 0.48828125 0.60234375 0.0734375 0.046875
6 0.42421875 0.6359375 0.109375 0.0359375
6 0.425 0.5046875 0.1078125 0.03125
6 0.440625 0.46328125 0.1265625 0.04375
6 0.3828125 0.38828125 0.125 0.059375
6 0.4265625 0.3703125 0.1265625 0.0359375
6 0.51328125 0.37734375 0.1453125 0.0421875
6 0.37734375 0.3421875 0.128125 0.034375
6 0.34921875 0.25625 0.1078125 0.03125
6 0.4375 0.01484375 0.134375 0.025
4 0.43046875 0.53671875 0.025 0.0140625
5 0.3875 0.57578125 0.0984375 0.06875
3 0.64765625 0.9359375 0.178125 0.059375