6 0.265625 0.62734375 0.0671875 0.140625
6 0.44375 0.54453125 0.0421875 0.1109375
3 0.74140625 0.4703125 0.0578125 0.125
6 0.4359375 0.4578125 0.0375 0.1078125
6 0.6828125 0.56640625 0.046875 0.1171875
6 0.54765625 0.4140625 0.040625 0.1015625
6 0.675 0.34375 0.03125 0.1109375
6 0.77421875 0.2609375 0.0296875 0.0765625
6 0.7671875 0.40546875 0.0375 0.115625
6 0.7953125 0.3796875 0.046875 0.0890625
6 0.9484375 0.63515625 0.04375 0.146875
6 0.95703125 0.27265625 0.04375 0.0953125
3 0.94453125 0.1328125 0.03125 0.065625
5 0.2734375 0.3515625 0.034375 0.0375