6 0.75390625 0.896875 0.1671875 0.1109375
6 0.65703125 0.853125 0.1453125 0.0765625
6 0.58046875 0.85703125 0.115625 0.053125
6 0.43046875 0.82734375 0.1203125 0.08125
6 0.6265625 0.5453125 0.125 0.0828125
6 0.60390625 0.3203125 0.240625 0.1328125
6 0.81328125 0.31640625 0.15625 0.0875
6 0.48984375 0.5125 0.0796875 0.075
6 0.409375 0.53984375 0.125 0.0671875
6 0.409375 0.5671875 0.1 0.0546875
6 0.45703125 0.60234375 0.1140625 0.078125
6 0.5453125 0.60703125 0.1171875 0.0609375
6 0.4734375 0.65234375 0.1453125 0.0765625
6 0.5046875 0.6796875 0.1640625 0.0828125
6 0.62734375 0.64609375 0.0921875 0.0625
3 0.71796875 0.6078125 0.128125 0.0640625
6 0.4484375 0.034375 0.165625 0.06875
5 0.37890625 0.41015625 0.1296875 0.115625