1 0.6921875 0.8390625 0.1171875 0.01875
1 0.65859375 0.79609375 0.1046875 0.0203125
1 0.80859375 0.68828125 0.128125 0.0375
1 0.721875 0.61484375 0.1328125 0.028125
1 0.7125 0.52578125 0.103125 0.0265625
1 0.6828125 0.4984375 0.11875 0.0234375
1 0.68828125 0.48046875 0.109375 0.0234375
1 0.7171875 0.46328125 0.109375 0.0203125
1 0.6609375 0.4140625 0.096875 0.01875
1 0.65859375 0.3859375 0.10625 0.0203125
1 0.63046875 0.3640625 0.1015625 0.0171875
1 0.6421875 0.3578125 0.0953125 0.0203125
1 0.65078125 0.3375 0.1015625 0.028125
1 0.65703125 0.30625 0.08125 0.021875
1 0.65 0.2828125 0.1109375 0.0203125
1 0.63125 0.246875 0.103125 0.0203125