6 0.253125 0.66953125 0.175 0.0984375
6 0.421875 0.55546875 0.184375 0.065625
6 0.45390625 0.6046875 0.15625 0.078125
6 0.51875 0.3875 0.159375 0.0921875
6 0.52265625 0.55 0.1453125 0.06875
6 0.35703125 0.3046875 0.1875 0.0875
3 0.44375 0.17734375 0.153125 0.071875
6 0.46875 0.11875 0.171875 0.0921875
6 0.65703125 0.0734375 0.1390625 0.06875
6 0.65703125 0.30703125 0.1265625 0.053125
6 0.65390625 0.35546875 0.0734375 0.0421875
6 0.53359375 0.33359375 0.1578125 0.071875
5 0.59375 0.6171875 0.1265625 0.0546875
4 0.584375 0.59140625 0.0578125 0.0390625
6 0.5203125 0.2328125 0.16875 0.0609375
6 0.10390625 0.19921875 0.1140625 0.090625