3 0.225 0.5109375 0.115625 0.221875
6 0.09921875 0.61640625 0.1078125 0.1921875
6 0.46171875 0.50859375 0.1265625 0.2
6 0.428125 0.37265625 0.08125 0.153125
6 0.55703125 0.434375 0.0765625 0.125
6 0.603125 0.3734375 0.0734375 0.125
6 0.6046875 0.64296875 0.10625 0.2015625
6 0.66796875 0.64296875 0.0953125 0.203125
6 0.696875 0.6703125 0.115625 0.1921875
6 0.75234375 0.50859375 0.0765625 0.1453125
6 0.68671875 0.51875 0.06875 0.13125
5 0.671875 0.4859375 0.078125 0.1328125
6 0.62265625 0.52421875 0.0796875 0.15
6 0.67578125 0.39140625 0.0546875 0.0921875