6 0.29921875 0.24921875 0.0828125 0.1734375
6 0.0828125 0.52109375 0.10625 0.221875
6 0.39765625 0.47578125 0.10625 0.2015625
3 0.17265625 0.096875 0.0671875 0.128125
6 0.4890625 0.203125 0.075 0.15625
6 0.596875 0.22890625 0.075 0.128125
4 0.5953125 0.27421875 0.0265625 0.034375
6 0.39765625 0.36484375 0.0734375 0.1484375
6 0.47890625 0.3921875 0.0703125 0.1453125
6 0.525 0.44453125 0.0765625 0.165625
6 0.575 0.42421875 0.0859375 0.1640625
6 0.51640625 0.39921875 0.0671875 0.15
5 0.85078125 0.4375 0.0921875 0.15