3 0.4578125 0.671875 0.1203125 0.0359375
6 0.59296875 0.73046875 0.090625 0.0421875
6 0.7109375 0.80625 0.0984375 0.03125
6 0.64296875 0.946875 0.10625 0.0390625
6 0.6890625 0.671875 0.0765625 0.028125
6 0.596875 0.59140625 0.096875 0.025
4 0.59140625 0.5734375 0.0375 0.015625
6 0.5203125 0.46328125 0.121875 0.040625
6 0.60390625 0.48359375 0.096875 0.015625
6 0.5984375 0.465625 0.1 0.021875
6 0.5609375 0.39765625 0.10625 0.028125
6 0.5234375 0.33984375 0.1109375 0.021875
6 0.5171875 0.25234375 0.125 0.034375
6 0.475 0.115625 0.1125 0.0375
5 0.6359375 0.2 0.090625 0.021875
6 0.51171875 0.98046875 0.121875 0.0375
6 0.30859375 0.990625 0.1390625 0.01875