5 0.16875 0.29609375 0.125 0.0625
4 0.75390625 0.63515625 0.0328125 0.0203125
6 0.709375 0.6703125 0.115625 0.05625
6 0.6296875 0.67109375 0.1 0.0625
6 0.6015625 0.6625 0.0984375 0.0578125
6 0.7 0.62734375 0.1421875 0.06875
6 0.56875 0.59453125 0.1515625 0.0765625
6 0.68828125 0.53671875 0.178125 0.0953125
6 0.58515625 0.4703125 0.1578125 0.0890625
6 0.50390625 0.378125 0.1390625 0.075
6 0.3046875 0.278125 0.1234375 0.06875
6 0.425 0.19375 0.1390625 0.0703125
3 0.44921875 0.0875 0.140625 0.06875
6 0.146875 0.11796875 0.1375 0.06875