6 0.1546875 0.7359375 0.0875 0.2109375
6 0.35625 0.46484375 0.0671875 0.159375
6 0.09609375 0.36796875 0.05 0.115625
6 0.040625 0.27890625 0.059375 0.1234375
6 0.225 0.20625 0.046875 0.1
6 0.1046875 0.2359375 0.046875 0.103125
6 0.5109375 0.13828125 0.040625 0.0765625
6 0.4875 0.39609375 0.0671875 0.175
6 0.58828125 0.3953125 0.0734375 0.1625
6 0.5890625 0.33125 0.0578125 0.1375
6 0.50546875 0.34921875 0.059375 0.140625
6 0.4375 0.21875 0.05 0.10625
6 0.3234375 0.3046875 0.059375 0.1203125
6 0.32109375 0.19375 0.046875 0.0984375
3 0.2921875 0.225 0.0375 0.0875
4 0.521875 0.1765625 0.0171875 0.03125