6 0.44453125 0.94296875 0.0859375 0.1140625
6 0.9 0.65390625 0.090625 0.140625
6 0.82109375 0.29921875 0.0578125 0.1015625
6 0.7390625 0.15 0.0359375 0.0546875
6 0.80078125 0.215625 0.0453125 0.0734375
6 0.678125 0.390625 0.05625 0.096875
6 0.5359375 0.23671875 0.0359375 0.0703125
6 0.4609375 0.2421875 0.0296875 0.0546875
6 0.4109375 0.23828125 0.0328125 0.0546875
6 0.40625 0.49921875 0.0515625 0.0984375
6 0.359375 0.40234375 0.0421875 0.078125
6 0.3578125 0.38203125 0.0375 0.0703125
3 0.7171875 0.2421875 0.0453125 0.075
6 0.184375 0.63828125 0.0578125 0.0921875
6 0.2234375 0.49921875 0.05 0.0828125
6 0.19296875 0.415625 0.046875 0.0859375
6 0.015625 0.46875 0.03125 0.078125
4 0.2421875 0.53046875 0.0203125 0.028125
6 0.6 0.334375 0.040625 0.0671875