5 0.3828125 0.67109375 0.08125 0.1203125
6 0.7984375 0.50859375 0.071875 0.109375
6 0.54609375 0.5421875 0.0796875 0.125
6 0.615625 0.5390625 0.084375 0.13125
6 0.65859375 0.45703125 0.065625 0.103125
6 0.86875 0.33984375 0.0546875 0.1125
6 0.66015625 0.2375 0.0578125 0.1046875
6 0.5453125 0.1640625 0.0546875 0.0953125
6 0.61015625 0.096875 0.05625 0.0890625
6 0.2515625 0.1859375 0.0671875 0.10625
6 0.39453125 0.3796875 0.05625 0.1
6 0.46171875 0.434375 0.0734375 0.1234375
6 0.46015625 0.33125 0.0625 0.1125
6 0.58125 0.334375 0.06875 0.109375
6 0.3078125 0.29140625 0.0640625 0.1125
6 0.28828125 0.05390625 0.0484375 0.090625
6 0.27578125 0.0375 0.0421875 0.075
4 0.6171875 0.5796875 0.021875 0.0328125
3 0.740625 0.46328125 0.0671875 0.1125
6 0.05546875 0.33984375 0.0671875 0.1234375