5 0.18203125 0.42578125 0.0375 0.109375
3 0.33359375 0.31328125 0.0296875 0.10625
6 0.5859375 0.43515625 0.053125 0.1234375
6 0.7171875 0.3296875 0.0359375 0.08125
3 0.753125 0.56484375 0.04375 0.1984375
6 0.81640625 0.3765625 0.0390625 0.10625
6 0.86484375 0.371875 0.0421875 0.11875
6 0.7796875 0.51640625 0.0546875 0.1703125
6 0.84140625 0.546875 0.075 0.1890625
6 0.93125 0.421875 0.071875 0.146875
6 0.90703125 0.48671875 0.071875 0.1375
6 0.97890625 0.38203125 0.0390625 0.078125
6 0.9734375 0.43125 0.053125 0.1515625
6 0.84609375 0.40859375 0.0453125 0.0890625
6 0.81484375 0.45390625 0.053125 0.10625