6 0.19375 0.14375 0.1234375 0.0671875
6 0.503125 0.48203125 0.1015625 0.0671875
6 0.5859375 0.21875 0.084375 0.046875
6 0.67421875 0.259375 0.0796875 0.04375
6 0.67890625 0.3734375 0.0828125 0.0453125
6 0.65390625 0.49140625 0.075 0.0390625
6 0.5765625 0.571875 0.0734375 0.0359375
6 0.48203125 0.696875 0.1015625 0.0578125
6 0.571875 0.68984375 0.0828125 0.053125
6 0.68984375 0.62578125 0.0671875 0.034375
6 0.640625 0.84296875 0.065625 0.0390625
6 0.54140625 0.85625 0.0765625 0.040625
6 0.47109375 0.8265625 0.0921875 0.053125
6 0.17265625 0.7375 0.128125 0.0671875
3 0.59765625 0.74609375 0.075 0.040625
4 0.6359375 0.31796875 0.028125 0.0171875
6 0.72265625 0.29140625 0.0828125 0.0484375
6 0.7328125 0.53828125 0.0578125 0.028125
6 0.76171875 0.53671875 0.0359375 0.0203125