1 0.384375 0.7890625 0.071875 0.025
1 0.65625 0.69375 0.1 0.025
1 0.61484375 0.7296875 0.090625 0.0171875
1 0.5828125 0.6203125 0.0953125 0.034375
1 0.66953125 0.53046875 0.10625 0.0296875
1 0.67734375 0.5828125 0.0890625 0.0234375
1 0.8671875 0.5109375 0.1 0.0359375
1 0.796875 0.50078125 0.04375 0.025
1 0.4484375 0.26015625 0.075 0.0203125
1 0.36171875 0.2921875 0.08125 0.025
1 0.46953125 0.11015625 0.090625 0.0265625
1 0.70390625 0.109375 0.103125 0.0359375
1 0.47265625 0.53125 0.08125 0.028125
1 0.44765625 0.546875 0.071875 0.0171875