4 0.47421875 0.47109375 0.01875 0.0265625
6 0.53125 0.478125 0.0578125 0.1
6 0.609375 0.4703125 0.046875 0.1
6 0.5796875 0.5625 0.0375 0.084375
6 0.54140625 0.653125 0.0296875 0.0671875
6 0.71875 0.4296875 0.0609375 0.103125
6 0.81875 0.265625 0.0765625 0.146875
3 0.97734375 0.4953125 0.0453125 0.10625
6 0.78359375 0.465625 0.04375 0.1078125
6 0.790625 0.49375 0.0390625 0.1078125
6 0.76796875 0.621875 0.0375 0.0828125
6 0.80078125 0.68671875 0.028125 0.0765625
6 0.60546875 0.7171875 0.0234375 0.0484375
6 0.390625 0.69140625 0.01875 0.0390625
6 0.98984375 0.47578125 0.0203125 0.1171875