4 0.34609375 0.5875 0.0125 0.034375
5 0.40625 0.60703125 0.0390625 0.1234375
3 0.72265625 0.35234375 0.0390625 0.1484375
6 0.61328125 0.49921875 0.04375 0.13125
6 0.23203125 0.30390625 0.046875 0.1859375
6 0.39765625 0.43359375 0.0421875 0.1515625
6 0.4015625 0.50859375 0.040625 0.0953125
6 0.46875 0.47265625 0.0375 0.1015625
6 0.45234375 0.53671875 0.0421875 0.1234375
6 0.66015625 0.58359375 0.0375 0.1265625
6 0.703125 0.5625 0.0375 0.1265625
6 0.93125 0.55078125 0.0421875 0.1546875
6 0.78125 0.4171875 0.0453125 0.15
6 0.74453125 0.47578125 0.03125 0.1015625
6 0.71171875 0.46953125 0.0421875 0.1515625
6 0.5984375 0.3109375 0.0484375 0.1546875
6 0.9140625 0.25078125 0.0921875 0.1921875
6 0.8828125 0.05390625 0.06875 0.1078125