6 0.2421875 0.7375 0.1453125 0.0484375
6 0.403125 0.70234375 0.1390625 0.06875
6 0.41953125 0.56484375 0.1109375 0.05
6 0.42421875 0.4484375 0.1390625 0.05
6 0.53125 0.48203125 0.1046875 0.040625
6 0.43359375 0.3734375 0.1328125 0.0484375
5 0.57734375 0.896875 0.1234375 0.04375
6 0.5984375 0.37578125 0.1171875 0.0375
6 0.6484375 0.27109375 0.1171875 0.03125
3 0.81953125 0.2671875 0.071875 0.0171875
3 0.32578125 0.25234375 0.1453125 0.04375
6 0.34140625 0.50859375 0.1078125 0.0375
4 0.33046875 0.540625 0.04375 0.01875
6 0.3984375 0.2234375 0.1296875 0.0375
6 0.61875 0.05625 0.1203125 0.040625
6 0.63203125 0.01953125 0.1328125 0.0390625
6 0.24375 0.01015625 0.16875 0.0203125