6 0.22890625 0.3453125 0.0734375 0.175
6 0.3203125 0.84375 0.0953125 0.215625
6 0.36015625 0.55703125 0.078125 0.196875
6 0.409375 0.54375 0.0625 0.1734375
6 0.90859375 0.7015625 0.084375 0.18125
6 0.93671875 0.6515625 0.0796875 0.203125
6 0.83046875 0.4359375 0.1 0.1921875
6 0.7671875 0.31484375 0.053125 0.1328125
6 0.8046875 0.26171875 0.05625 0.1546875
6 0.9578125 0.29453125 0.0609375 0.1765625
6 0.7484375 0.22421875 0.034375 0.125
6 0.53984375 0.26875 0.0578125 0.1171875
6 0.51484375 0.25078125 0.0515625 0.10625
4 0.38984375 0.3625 0.0609375 0.075