6 0.45859375 0.05625 0.1171875 0.06875
6 0.2578125 0.26015625 0.1328125 0.1328125
6 0.22109375 0.35234375 0.13125 0.1328125
6 0.021875 0.3046875 0.04375 0.10625
6 0.49375 0.34609375 0.1015625 0.1015625
6 0.38359375 0.4046875 0.1171875 0.1171875
6 0.5421875 0.4203125 0.1265625 0.0640625
6 0.4765625 0.49453125 0.109375 0.109375
6 0.54453125 0.446875 0.1140625 0.05625
6 0.5171875 0.57890625 0.1046875 0.1046875
6 0.37265625 0.684375 0.0859375 0.0875
6 0.5109375 0.67578125 0.0796875 0.0796875
6 0.45 0.77109375 0.0984375 0.096875
6 0.48359375 0.8171875 0.140625 0.0828125
3 0.42578125 0.28046875 0.090625 0.090625