3 0.1921875 0.63828125 0.0546875 0.140625
3 0.92578125 0.8796875 0.053125 0.11875
6 0.3390625 0.8453125 0.0609375 0.1453125
6 0.31015625 0.7953125 0.046875 0.128125
6 0.046875 0.92734375 0.059375 0.1453125
6 0.08359375 0.69921875 0.04375 0.128125
6 0.1359375 0.690625 0.053125 0.140625
6 0.0890625 0.465625 0.034375 0.1375
6 0.353125 0.490625 0.046875 0.1109375
6 0.403125 0.60390625 0.04375 0.1
6 0.41328125 0.44453125 0.065625 0.1109375
6 0.49921875 0.54453125 0.0375 0.115625
6 0.51171875 0.61328125 0.04375 0.0828125
6 0.65390625 0.721875 0.0421875 0.1484375
6 0.61640625 0.72890625 0.05625 0.1453125
5 0.61171875 0.45859375 0.0609375 0.1421875
6 0.06640625 0.49921875 0.05 0.1359375