4 0.51328125 0.28046875 0.025 0.0484375
6 0.6734375 0.60078125 0.0671875 0.196875
6 0.7609375 0.375 0.0390625 0.1640625
6 0.76953125 0.290625 0.0421875 0.134375
6 0.49296875 0.48203125 0.0703125 0.16875
6 0.4078125 0.41796875 0.075 0.209375
6 0.3375 0.64453125 0.05625 0.16875
6 0.14296875 0.7328125 0.0625 0.1875
6 0.07734375 0.54375 0.0765625 0.15625
6 0.23828125 0.484375 0.04375 0.14375
6 0.26953125 0.3859375 0.040625 0.1375
6 0.02421875 0.57265625 0.0484375 0.1515625
6 0.1640625 0.43671875 0.059375 0.1875
6 0.19140625 0.4421875 0.0375 0.140625
6 0.60390625 0.2296875 0.040625 0.1140625
6 0.5796875 0.31484375 0.0359375 0.125
6 0.55703125 0.28515625 0.0484375 0.1203125
3 0.66640625 0.3953125 0.0703125 0.2125