5 0.7359375 0.46328125 0.13125 0.059375
6 0.73984375 0.671875 0.13125 0.065625
6 0.76328125 0.80078125 0.125 0.06875
3 0.51875 0.83671875 0.125 0.065625
6 0.7125 0.95234375 0.1359375 0.053125
6 0.453125 0.33984375 0.13125 0.0640625
6 0.421875 0.259375 0.109375 0.0484375
6 0.346875 0.26171875 0.14375 0.065625
4 0.43203125 0.4140625 0.0296875 0.01875
6 0.45234375 0.43671875 0.13125 0.0578125
6 0.33359375 0.45 0.134375 0.0671875
6 0.4203125 0.46953125 0.128125 0.0578125
6 0.5484375 0.48671875 0.146875 0.0765625
6 0.465625 0.565625 0.1515625 0.0671875
6 0.31328125 0.69453125 0.15 0.065625
6 0.36875 0.70859375 0.1296875 0.0625
6 0.1703125 0.6125 0.175 0.06875