5 0.59765625 0.58984375 0.1046875 0.0484375
3 0.5015625 0.15546875 0.1171875 0.040625
6 0.26171875 0.890625 0.1578125 0.0390625
6 0.19609375 0.5296875 0.1703125 0.05
6 0.24375 0.375 0.1671875 0.05
6 0.28203125 0.21640625 0.1703125 0.040625
6 0.4546875 0.3796875 0.1390625 0.0421875
6 0.515625 0.4375 0.1234375 0.0375
6 0.61875 0.45859375 0.1 0.0328125
6 0.55234375 0.47734375 0.1140625 0.028125
6 0.55703125 0.51171875 0.0953125 0.0296875
6 0.5515625 0.5375 0.1109375 0.034375
6 0.55625 0.51171875 0.1171875 0.03125
6 0.63515625 0.13828125 0.1125 0.046875
6 0.55703125 0.56328125 0.1265625 0.040625