3 0.30625 0.43671875 0.0546875 0.1140625
6 0.21640625 0.39453125 0.046875 0.0984375
6 0.85390625 0.546875 0.0859375 0.1453125
6 0.33046875 0.38515625 0.046875 0.096875
6 0.684375 0.23984375 0.040625 0.08125
6 0.29453125 0.31953125 0.0421875 0.084375
6 0.4015625 0.628125 0.0578125 0.1046875
6 0.26796875 0.509375 0.05625 0.1109375
6 0.1578125 0.37265625 0.04375 0.0859375
6 0.16484375 0.45390625 0.0484375 0.1
4 0.7625 0.63984375 0.025 0.040625
6 0.1171875 0.43359375 0.046875 0.0953125
6 0.609375 0.41640625 0.0515625 0.10625