6 0.3234375 0.84453125 0.0734375 0.1609375
6 0.1375 0.75703125 0.0578125 0.1328125
6 0.1671875 0.52421875 0.0515625 0.1046875
6 0.08984375 0.45234375 0.05625 0.121875
6 0.19375 0.39375 0.0453125 0.1
3 0.315625 0.5421875 0.0625 0.11875
6 0.309375 0.40859375 0.046875 0.096875
6 0.30625 0.34140625 0.0515625 0.084375
6 0.38125 0.3421875 0.046875 0.09375
4 0.41015625 0.3296875 0.03125 0.046875
6 0.603125 0.4546875 0.0546875 0.103125
6 0.603125 0.403125 0.05 0.0984375
6 0.76875 0.40859375 0.046875 0.103125
6 0.721875 0.378125 0.0484375 0.10625
6 0.68046875 0.365625 0.0515625 0.0921875
6 0.70390625 0.3734375 0.040625 0.08125
6 0.88359375 0.38828125 0.053125 0.128125
6 0.94453125 0.41953125 0.059375 0.1234375
5 0.88671875 0.2609375 0.059375 0.1