6 0.2796875 0.77109375 0.0328125 0.1328125
6 0.31640625 0.70625 0.021875 0.1015625
6 0.34921875 0.65859375 0.0234375 0.0953125
6 0.43359375 0.534375 0.01875 0.0828125
6 0.459375 0.584375 0.01875 0.08125
6 0.4859375 0.53828125 0.0296875 0.090625
3 0.48828125 0.60234375 0.025 0.0859375
6 0.6109375 0.5546875 0.0265625 0.065625
6 0.65078125 0.58359375 0.01875 0.075
6 0.62109375 0.66015625 0.0328125 0.053125
6 0.7515625 0.70625 0.0203125 0.0890625
6 0.82109375 0.71640625 0.034375 0.096875
6 0.79453125 0.684375 0.028125 0.0953125
6 0.753125 0.61328125 0.0203125 0.0890625
6 0.78046875 0.603125 0.028125 0.11875
6 0.7796875 0.63828125 0.0171875 0.0953125
5 0.86484375 0.61171875 0.0234375 0.1