6 0.1078125 0.59765625 0.096875 0.159375
6 0.12890625 0.4578125 0.090625 0.1578125
6 0.2484375 0.5171875 0.0890625 0.146875
6 0.32421875 0.46328125 0.090625 0.125
6 0.4140625 0.4453125 0.08125 0.1265625
6 0.48984375 0.41796875 0.071875 0.115625
6 0.63671875 0.53515625 0.1046875 0.165625
6 0.73046875 0.61328125 0.084375 0.1453125
6 0.8265625 0.57265625 0.128125 0.1765625
6 0.17265625 0.7203125 0.0875 0.14375
5 0.1625 0.65 0.071875 0.1015625
6 0.20859375 0.58359375 0.096875 0.153125
6 0.4984375 0.48203125 0.08125 0.1234375
6 0.42421875 0.52265625 0.0703125 0.10625
5 0.8484375 0.3828125 0.096875 0.13125
4 0.58203125 0.4125 0.0546875 0.0703125