6 0.646875 0.60625 0.0984375 0.0328125
6 0.58125 0.6953125 0.10625 0.0203125
6 0.540625 0.50703125 0.1 0.0453125
6 0.44921875 0.38828125 0.1109375 0.0296875
6 0.25859375 0.42265625 0.1375 0.0375
6 0.521875 0.40078125 0.115625 0.034375
6 0.6515625 0.74375 0.10625 0.0359375
6 0.71484375 0.8484375 0.10625 0.028125
6 0.62109375 0.928125 0.1171875 0.028125
6 0.621875 0.86953125 0.11875 0.0296875
6 0.49296875 0.34453125 0.11875 0.0421875
6 0.62109375 0.7 0.084375 0.0390625
4 0.5953125 0.56796875 0.01875 0.0140625
5 0.59921875 0.26171875 0.1 0.046875
6 0.29765625 0.98359375 0.146875 0.0296875