6 0.46015625 0.0296875 0.1828125 0.059375
6 0.4265625 0.10390625 0.1609375 0.090625
6 0.34375 0.1390625 0.1203125 0.0640625
6 0.36640625 0.31875 0.125 0.0796875
6 0.2546875 0.2828125 0.134375 0.0734375
6 0.53515625 0.30625 0.1375 0.06875
6 0.57578125 0.41875 0.175 0.0953125
6 0.809375 0.5203125 0.1421875 0.075
6 0.73671875 0.7234375 0.1515625 0.0859375
6 0.48828125 0.4953125 0.153125 0.08125
6 0.41953125 0.4921875 0.1140625 0.0625
6 0.3734375 0.453125 0.08125 0.0453125
6 0.47265625 0.39140625 0.1078125 0.0796875
6 0.4 0.36640625 0.1046875 0.0578125
6 0.3953125 0.41328125 0.096875 0.0609375
6 0.45078125 0.43046875 0.1203125 0.0609375
5 0.44296875 0.62734375 0.1359375 0.0890625