5 0.446875 0.2671875 0.0671875 0.13125
6 0.6546875 0.2484375 0.0734375 0.13125
6 0.78203125 0.21640625 0.0765625 0.1265625
3 0.834375 0.4578125 0.0734375 0.125
6 0.9359375 0.25625 0.0609375 0.1359375
6 0.34375 0.5578125 0.071875 0.13125
6 0.26484375 0.59453125 0.0546875 0.109375
6 0.2734375 0.66875 0.0734375 0.14375
4 0.41875 0.57421875 0.0203125 0.03125
6 0.43984375 0.5515625 0.065625 0.13125
6 0.46171875 0.66953125 0.075 0.134375
6 0.475 0.58203125 0.0671875 0.128125
6 0.4828125 0.453125 0.0859375 0.1484375
6 0.56796875 0.5296875 0.0765625 0.1515625
6 0.70703125 0.67265625 0.075 0.1484375
6 0.7171875 0.61640625 0.0703125 0.1296875
6 0.63515625 0.82109375 0.0796875 0.1734375