6 0.62109375 0.7984375 0.1640625 0.0921875
6 0.6046875 0.71875 0.1390625 0.0765625
6 0.70546875 0.6125 0.19375 0.084375
6 0.89453125 0.528125 0.1828125 0.090625
6 0.88046875 0.28203125 0.1203125 0.0640625
6 0.5890625 0.22109375 0.165625 0.0625
6 0.434375 0.2359375 0.1328125 0.06875
6 0.41875 0.271875 0.1125 0.059375
6 0.4359375 0.36796875 0.1109375 0.065625
6 0.4078125 0.4015625 0.1546875 0.0609375
6 0.41953125 0.44140625 0.1203125 0.0640625
6 0.484375 0.5078125 0.1203125 0.065625
6 0.4234375 0.5203125 0.0859375 0.03125
6 0.45546875 0.59296875 0.1078125 0.059375
6 0.94375 0.084375 0.1125 0.059375
6 0.66328125 0.04140625 0.134375 0.0609375
3 0.584375 0.38203125 0.178125 0.0796875
3 0.2125 0.15078125 0.0671875 0.0234375
5 0.4078125 0.65625 0.13125 0.0984375