6 0.6390625 0.1140625 0.1109375 0.04375
6 0.61875 0.1578125 0.090625 0.040625
6 0.57734375 0.20078125 0.08125 0.0328125
6 0.29609375 0.1390625 0.1484375 0.0453125
6 0.42890625 0.2359375 0.1484375 0.0390625
6 0.4046875 0.16640625 0.09375 0.028125
6 0.4890625 0.2625 0.1140625 0.0234375
6 0.5046875 0.296875 0.1203125 0.0484375
6 0.29140625 0.35234375 0.1390625 0.0421875
6 0.21015625 0.4046875 0.1609375 0.05625
6 0.3953125 0.4578125 0.1671875 0.04375
6 0.28203125 0.5296875 0.1328125 0.0484375
6 0.43046875 0.39296875 0.1015625 0.040625
3 0.45078125 0.1375 0.1421875 0.028125
6 0.3859375 0.63046875 0.1546875 0.0484375
5 0.48125 0.7109375 0.0859375 0.0546875