6 0.40390625 0.4921875 0.1296875 0.0515625
6 0.48046875 0.2890625 0.121875 0.0390625
6 0.459375 0.1890625 0.1171875 0.0484375
6 0.3640625 0.0484375 0.13125 0.0390625
6 0.46640625 0.0328125 0.115625 0.040625
6 0.4234375 0.384375 0.140625 0.0484375
6 0.41328125 0.42265625 0.1203125 0.040625
6 0.5296875 0.25703125 0.10625 0.0359375
6 0.55859375 0.15078125 0.1 0.0421875
6 0.571875 0.11640625 0.1015625 0.0453125
6 0.59296875 0.08671875 0.0953125 0.05
5 0.54375 0.49453125 0.06875 0.03125
4 0.43046875 0.61171875 0.021875 0.009375
3 0.5984375 0.01171875 0.10625 0.021875