3 0.2078125 0.40078125 0.0609375 0.1984375
6 0.40703125 0.70078125 0.0453125 0.1140625
6 0.42734375 0.79765625 0.0625 0.1328125
4 0.47421875 0.828125 0.025 0.0921875
6 0.325 0.3859375 0.075 0.1515625
6 0.21796875 0.2375 0.0484375 0.1234375
6 0.31640625 0.284375 0.0421875 0.134375
6 0.3734375 0.27578125 0.05 0.1421875
6 0.43203125 0.3984375 0.040625 0.134375
6 0.47109375 0.34609375 0.04375 0.14375
6 0.5578125 0.48515625 0.0484375 0.1453125
6 0.50625 0.47265625 0.0609375 0.1515625
6 0.5171875 0.39609375 0.05 0.125
5 0.6515625 0.37890625 0.0875 0.15