4 0.7109375 0.54609375 0.0453125 0.0390625
6 0.77734375 0.47421875 0.1390625 0.078125
6 0.77578125 0.296875 0.128125 0.0734375
6 0.6984375 0.28515625 0.1375 0.0796875
3 0.659375 0.3671875 0.1421875 0.08125
6 0.45078125 0.3046875 0.18125 0.109375
6 0.51875 0.509375 0.14375 0.078125
6 0.71171875 0.48359375 0.1109375 0.0671875
6 0.72421875 0.5171875 0.1109375 0.0625
6 0.7 0.58125 0.1015625 0.059375
6 0.64140625 0.56015625 0.134375 0.0921875
6 0.565625 0.61328125 0.1375 0.071875
6 0.31640625 0.615625 0.165625 0.09375
6 0.53359375 0.75 0.128125 0.0734375
6 0.43828125 0.7546875 0.140625 0.0890625
6 0.4609375 0.8015625 0.159375 0.090625
6 0.4484375 0.8328125 0.1625 0.1
6 0.31953125 0.88828125 0.153125 0.0875
6 0.28125 0.93671875 0.1625 0.084375
6 0.16796875 0.7671875 0.1921875 0.1125