6 0.1421875 0.12421875 0.05625 0.0796875
6 0.121875 0.18359375 0.0546875 0.10625
6 0.34921875 0.17421875 0.0671875 0.1328125
6 0.49296875 0.45546875 0.08125 0.15
6 0.64921875 0.46484375 0.0765625 0.14375
6 0.6640625 0.62265625 0.09375 0.1484375
6 0.33984375 0.4890625 0.0640625 0.103125
4 0.3390625 0.57421875 0.0234375 0.0328125
6 0.3421875 0.65234375 0.075 0.1203125
6 0.24140625 0.628125 0.0671875 0.13125
6 0.21484375 0.6546875 0.0671875 0.1203125
6 0.18046875 0.7390625 0.0890625 0.159375
6 0.12890625 0.7703125 0.0859375 0.15625
5 0.48671875 0.84453125 0.0984375 0.1546875