5 0.1984375 0.21875 0.071875 0.1140625
3 0.4734375 0.1734375 0.0671875 0.103125
6 0.69375 0.3796875 0.0734375 0.1203125
6 0.57421875 0.37265625 0.0703125 0.1140625
3 0.71640625 0.55390625 0.078125 0.1234375
6 0.4234375 0.534375 0.0828125 0.1375
6 0.53359375 0.384375 0.078125 0.13125
6 0.7953125 0.55234375 0.075 0.1234375
6 0.865625 0.3375 0.0484375 0.08125
6 0.47265625 0.471875 0.078125 0.13125
6 0.75078125 0.34375 0.05625 0.096875
6 0.31171875 0.409375 0.0828125 0.140625
6 0.3171875 0.559375 0.090625 0.1546875
6 0.475 0.39609375 0.065625 0.1109375
6 0.8421875 0.4140625 0.05625 0.096875
3 0.9375 0.30625 0.046875 0.078125
4 0.80078125 0.4015625 0.021875 0.03125