6 0.8171875 0.7734375 0.096875 0.0484375
6 0.16015625 0.9125 0.159375 0.053125
6 0.44140625 0.871875 0.1296875 0.05625
6 0.5765625 0.63359375 0.1015625 0.040625
6 0.45390625 0.46484375 0.115625 0.05
6 0.440625 0.40703125 0.134375 0.053125
6 0.60078125 0.85234375 0.11875 0.0484375
6 0.6359375 0.8421875 0.1015625 0.04375
6 0.7078125 0.80546875 0.1046875 0.046875
6 0.665625 0.46953125 0.09375 0.0484375
6 0.703125 0.3390625 0.0921875 0.0359375
6 0.78359375 0.31484375 0.078125 0.034375
6 0.68203125 0.2734375 0.1 0.0375
6 0.8546875 0.8046875 0.0703125 0.03125
3 0.615625 0.58515625 0.10625 0.046875
4 0.72890625 0.3765625 0.0171875 0.0140625
6 0.628125 0.11171875 0.10625 0.046875