6 0.42578125 0.56796875 0.0390625 0.153125
6 0.38046875 0.53984375 0.0375 0.1390625
6 0.47890625 0.48984375 0.0421875 0.1203125
6 0.67890625 0.52421875 0.04375 0.1484375
3 0.80078125 0.54921875 0.0453125 0.1515625
6 0.73515625 0.43984375 0.0515625 0.1453125
6 0.69375 0.36875 0.040625 0.115625
6 0.6296875 0.409375 0.04375 0.115625
6 0.596875 0.3921875 0.0421875 0.1296875
6 0.93828125 0.3734375 0.034375 0.1140625
6 0.8953125 0.33515625 0.0265625 0.13125
6 0.87578125 0.296875 0.021875 0.13125
5 0.128125 0.371875 0.040625 0.1203125
3 0.29453125 0.2296875 0.0390625 0.0984375
4 0.5765625 0.43984375 0.0109375 0.0328125
3 0.94609375 0.1828125 0.0359375 0.0859375