6 0.31640625 0.30703125 0.1453125 0.0984375
6 0.4421875 0.45703125 0.1109375 0.0671875
3 0.59140625 0.725 0.1265625 0.084375
6 0.52421875 0.42734375 0.1078125 0.0609375
6 0.48359375 0.69375 0.11875 0.0734375
6 0.5953125 0.5234375 0.1015625 0.0640625
6 0.69609375 0.62890625 0.109375 0.0578125
6 0.80234375 0.703125 0.078125 0.046875
6 0.6609375 0.73359375 0.115625 0.0640625
6 0.69296875 0.75390625 0.0953125 0.0671875
6 0.4859375 0.9640625 0.146875 0.071875
6 0.8375 0.8828125 0.0984375 0.065625
3 0.96796875 0.83359375 0.0640625 0.0453125
5 0.584375 0.2421875 0.04375 0.0421875