6 0.028125 0.53515625 0.053125 0.1484375
3 0.084375 0.55859375 0.0453125 0.1484375
3 0.14140625 0.5703125 0.059375 0.1671875
3 0.24453125 0.5953125 0.0703125 0.1359375
3 0.4 0.80625 0.08125 0.2046875
3 0.4578125 0.640625 0.0359375 0.146875
3 0.665625 0.60859375 0.065625 0.1609375
3 0.6109375 0.53046875 0.028125 0.125
3 0.53203125 0.53984375 0.046875 0.1375
3 0.4765625 0.53203125 0.0515625 0.1359375
3 0.36015625 0.52421875 0.0546875 0.1265625
3 0.42578125 0.58203125 0.0375 0.115625
3 0.39453125 0.49453125 0.0390625 0.1171875