6 0.575 0.80078125 0.165625 0.025
6 0.540625 0.7484375 0.159375 0.025
6 0.52890625 0.7015625 0.1390625 0.025
6 0.553125 0.67265625 0.15 0.034375
6 0.553125 0.6203125 0.146875 0.025
6 0.45390625 0.61875 0.0703125 0.03125
6 0.49140625 0.5453125 0.146875 0.0375
6 0.59921875 0.559375 0.175 0.034375
6 0.51328125 0.38828125 0.1484375 0.03125
6 0.434375 0.33203125 0.128125 0.03125
6 0.44609375 0.36640625 0.1625 0.0375
6 0.4 0.20234375 0.103125 0.028125
4 0.440625 0.21953125 0.0296875 0.01875
3 0.5453125 0.19296875 0.134375 0.034375
6 0.48046875 0.25234375 0.14375 0.028125
6 0.39296875 0.29453125 0.05625 0.015625
6 0.46171875 0.29921875 0.10625 0.01875
6 0.57578125 0.2984375 0.15625 0.040625
6 0.603125 0.16640625 0.15625 0.046875
6 0.809375 0.03984375 0.18125 0.0375
5 0.4546875 0.72421875 0.128125 0.025