6 0.8046875 0.634375 0.075 0.1296875
6 0.6640625 0.5921875 0.0640625 0.1296875
6 0.69296875 0.58359375 0.0640625 0.103125
6 0.6171875 0.57109375 0.0734375 0.15
6 0.57421875 0.48671875 0.059375 0.10625
5 0.58046875 0.42265625 0.05625 0.0859375
6 0.4515625 0.4 0.053125 0.096875
6 0.4546875 0.57265625 0.078125 0.146875
6 0.40625 0.503125 0.0921875 0.13125
6 0.37578125 0.37421875 0.0609375 0.1
6 0.26953125 0.39453125 0.0546875 0.121875
6 0.33125 0.3453125 0.0515625 0.1078125
3 0.31953125 0.58359375 0.0921875 0.1515625
6 0.15859375 0.315625 0.065625 0.121875
6 0.13046875 0.2796875 0.053125 0.1125
4 0.7578125 0.64296875 0.028125 0.0359375