6 0.65546875 0.35390625 0.06875 0.115625
6 0.47265625 0.52734375 0.0734375 0.1375
6 0.40390625 0.41328125 0.0734375 0.1359375
6 0.703125 0.4625 0.0609375 0.115625
3 0.4109375 0.22578125 0.0640625 0.1
6 0.72578125 0.36875 0.05625 0.0953125
3 0.9640625 0.61015625 0.071875 0.1328125
6 0.81953125 0.48828125 0.06875 0.1296875
6 0.75703125 0.3421875 0.04375 0.078125
5 0.12109375 0.2765625 0.071875 0.1203125
6 0.30390625 0.54921875 0.0921875 0.159375
4 0.4640625 0.3953125 0.0234375 0.0421875
6 0.8703125 0.31953125 0.04375 0.078125