6 0.03359375 0.6140625 0.0609375 0.171875
6 0.10390625 0.55234375 0.059375 0.1734375
6 0.11953125 0.46796875 0.034375 0.0953125
6 0.20625 0.34375 0.059375 0.1328125
6 0.28359375 0.44140625 0.0375 0.1296875
6 0.5875 0.84140625 0.0546875 0.2
6 0.69453125 0.68203125 0.0703125 0.228125
6 0.4921875 0.51875 0.08125 0.0859375
6 0.4609375 0.41640625 0.040625 0.1171875
6 0.4203125 0.40625 0.0453125 0.1265625
6 0.36953125 0.41640625 0.0171875 0.1234375
6 0.334375 0.44140625 0.0375 0.1234375
6 0.315625 0.59140625 0.0703125 0.065625
3 0.346875 0.67109375 0.0453125 0.1453125
5 0.59296875 0.41171875 0.08125 0.0953125
6 0.9703125 0.59296875 0.059375 0.171875