6 0.13046875 0.4515625 0.0390625 0.08125
6 0.28828125 0.39765625 0.0328125 0.0609375
6 0.35234375 0.4703125 0.03125 0.0625
6 0.3296875 0.50078125 0.0328125 0.0515625
6 0.26328125 0.56484375 0.0390625 0.078125
6 0.2046875 0.80703125 0.0796875 0.121875
6 0.315625 0.65703125 0.075 0.125
6 0.4265625 0.52890625 0.0375 0.084375
6 0.46328125 0.4265625 0.040625 0.0765625
6 0.5125 0.49296875 0.0625 0.10625
6 0.52265625 0.58203125 0.053125 0.115625
6 0.58984375 0.6109375 0.046875 0.096875
6 0.65 0.5734375 0.0546875 0.0921875
6 0.696875 0.49140625 0.046875 0.0640625
6 0.78046875 0.59140625 0.05625 0.096875
6 0.8421875 0.69921875 0.05 0.0890625
6 0.73203125 0.83671875 0.0828125 0.1328125
3 0.38125 0.9234375 0.065625 0.128125
4 0.42265625 0.6265625 0.0390625 0.0890625