6 0.5125 0.22109375 0.0796875 0.08125
3 0.4546875 0.2609375 0.06875 0.06875
6 0.46640625 0.31875 0.071875 0.071875
6 0.53359375 0.40390625 0.06875 0.06875
6 0.5 0.45 0.0703125 0.06875
6 0.55859375 0.471875 0.0875 0.0328125
6 0.5015625 0.50390625 0.0703125 0.071875
6 0.4390625 0.47421875 0.071875 0.0703125
6 0.46484375 0.55625 0.0671875 0.0671875
6 0.4328125 0.58203125 0.06875 0.0671875
6 0.44140625 0.596875 0.0828125 0.0828125
6 0.40546875 0.6234375 0.0609375 0.0578125
6 0.31328125 0.61953125 0.11875 0.0390625
6 0.359375 0.7203125 0.1203125 0.0359375
5 0.46171875 0.75078125 0.071875 0.0703125