6 0.171875 0.446875 0.08125 0.13125
6 0.3125 0.48828125 0.0703125 0.1296875
6 0.29296875 0.46484375 0.06875 0.10625
6 0.36328125 0.49609375 0.0796875 0.15
6 0.4453125 0.4484375 0.065625 0.10625
5 0.47421875 0.39140625 0.059375 0.0859375
6 0.5953125 0.4421875 0.05625 0.096875
6 0.4984375 0.5859375 0.084375 0.146875
6 0.57734375 0.55390625 0.096875 0.1328125
6 0.67265625 0.4625 0.065625 0.1015625
6 0.75078125 0.5375 0.0609375 0.1203125
6 0.72578125 0.4625 0.05625 0.1078125
3 0.60546875 0.66796875 0.0984375 0.1515625
6 0.88671875 0.53125 0.0734375 0.1234375
6 0.9296875 0.51640625 0.0578125 0.1125
4 0.20625 0.47890625 0.0296875 0.0359375