4 0.684375 0.4609375 0.0296875 0.03125
6 0.1609375 0.38671875 0.034375 0.096875
6 0.190625 0.08125 0.05625 0.134375
6 0.06875 0.103125 0.059375 0.146875
6 0.0296875 0.35546875 0.0390625 0.11875
6 0.1734375 0.56171875 0.034375 0.0859375
6 0.37734375 0.57734375 0.028125 0.0671875
6 0.44296875 0.675 0.025 0.0765625
6 0.42578125 0.746875 0.0234375 0.08125
6 0.5078125 0.5078125 0.028125 0.109375
6 0.55078125 0.53828125 0.034375 0.0765625
6 0.3703125 0.3203125 0.0328125 0.1125
6 0.48125 0.2953125 0.0296875 0.13125
6 0.6546875 0.20625 0.0375 0.1203125
6 0.60390625 0.3625 0.03125 0.1125
6 0.759375 0.28828125 0.05 0.1125
3 0.3609375 0.51640625 0.0375 0.1015625
3 0.74296875 0.121875 0.053125 0.103125