6 0.21796875 0.37578125 0.065625 0.1125
6 0.175 0.38046875 0.071875 0.121875
3 0.16796875 0.5234375 0.06875 0.1140625
6 0.2046875 0.56015625 0.0953125 0.121875
6 0.1109375 0.85390625 0.0859375 0.178125
6 0.39765625 0.40390625 0.0734375 0.103125
6 0.4015625 0.25703125 0.0796875 0.109375
6 0.36875 0.28671875 0.06875 0.1109375
6 0.6078125 0.26484375 0.075 0.1015625
6 0.6625 0.27109375 0.065625 0.109375
6 0.7453125 0.3453125 0.09375 0.1265625
6 0.7265625 0.4875 0.09375 0.1453125
6 0.85234375 0.528125 0.0828125 0.1421875