5 0.153125 0.4265625 0.071875 0.071875
6 0.34375 0.634375 0.046875 0.046875
6 0.38203125 0.609375 0.06875 0.06875
6 0.50859375 0.52421875 0.0578125 0.0578125
6 0.42421875 0.4109375 0.05 0.05
6 0.4171875 0.32890625 0.040625 0.040625
6 0.43359375 0.37734375 0.0390625 0.0390625
6 0.4265625 0.29921875 0.021875 0.0640625
6 0.60234375 0.25703125 0.0421875 0.0421875
3 0.61328125 0.453125 0.05625 0.0546875
6 0.690625 0.51796875 0.065625 0.0671875
6 0.625 0.5109375 0.0484375 0.0484375
6 0.53984375 0.85234375 0.084375 0.084375
6 0.68125 0.87421875 0.0828125 0.0828125
6 0.790625 0.74140625 0.0328125 0.1265625
6 0.82734375 0.92578125 0.0796875 0.0796875
6 0.95703125 0.75625 0.0671875 0.0671875
6 0.8796875 0.515625 0.0578125 0.0578125
6 0.7046875 0.28203125 0.0390625 0.0375
6 0.74453125 0.49453125 0.040625 0.040625
4 0.753125 0.53984375 0.01875 0.01875
4 0.91484375 0.48515625 0.0265625 0.084375