4 0.4703125 0.47578125 0.015625 0.025
6 0.52734375 0.4734375 0.04375 0.09375
6 0.603125 0.45390625 0.0328125 0.096875
6 0.58828125 0.54921875 0.025 0.08125
6 0.56484375 0.64453125 0.0203125 0.0640625
6 0.7046875 0.39609375 0.0453125 0.096875
6 0.778125 0.21875 0.0546875 0.140625
3 0.971875 0.42109375 0.0296875 0.103125
6 0.775 0.421875 0.028125 0.1046875
6 0.7859375 0.4484375 0.0234375 0.10625
6 0.78359375 0.578125 0.025 0.0796875
6 0.8265625 0.6375 0.0171875 0.0734375
6 0.63828125 0.69765625 0.015625 0.046875
6 0.421875 0.70625 0.0125 0.0375
6 0.9890625 0.39765625 0.021875 0.115625