6 0.0796875 0.45390625 0.159375 0.059375
3 0.42265625 0.5953125 0.1375 0.0453125
6 0.40703125 0.0453125 0.134375 0.05
6 0.49921875 0.13828125 0.1046875 0.053125
6 0.53359375 0.2203125 0.128125 0.0375
6 0.5390625 0.3296875 0.096875 0.0390625
6 0.559375 0.38828125 0.109375 0.0375
6 0.57734375 0.53046875 0.1171875 0.0375
6 0.60390625 0.59375 0.1015625 0.0390625
6 0.6734375 0.68671875 0.1015625 0.028125
6 0.70390625 0.6625 0.09375 0.0265625
6 0.6375 0.82109375 0.1 0.0375
6 0.6078125 0.86484375 0.103125 0.03125
6 0.63984375 0.89765625 0.1046875 0.0328125
4 0.6171875 0.640625 0.03125 0.021875
3 0.7 0.13515625 0.0765625 0.0375