4 0.75703125 0.6375 0.125 0.06875
6 0.640625 0.44609375 0.621875 0.2875
6 0.4078125 0.46953125 0.0984375 0.05
6 0.44609375 0.6953125 0.040625 0.0171875
6 0.45078125 0.7359375 0.0421875 0.01875
6 0.47265625 0.60390625 0.3078125 0.0796875
6 0.440625 0.63828125 0.0640625 0.021875
6 0.440625 0.65703125 0.0546875 0.0203125
6 0.44765625 0.69609375 0.0515625 0.025
6 0.48046875 0.88125 0.0796875 0.0296875
3 0.5078125 0.95859375 0.1328125 0.040625
6 0.51015625 0.9859375 0.1171875 0.028125
6 0.48359375 0.81796875 0.1125 0.040625
6 0.50390625 0.7796875 0.2296875 0.071875
6 0.46484375 0.76484375 0.1078125 0.0375