6 0.209375 0.57265625 0.040625 0.128125
6 0.32421875 0.53828125 0.040625 0.0765625
6 0.3890625 0.5171875 0.04375 0.103125
6 0.68828125 0.5453125 0.0453125 0.121875
6 0.88359375 0.48359375 0.0375 0.115625
6 0.77890625 0.378125 0.028125 0.0859375
6 0.7046875 0.446875 0.046875 0.084375
6 0.665625 0.44453125 0.0375 0.1109375
6 0.55390625 0.4609375 0.040625 0.10625
6 0.48125 0.5046875 0.0375 0.1109375
6 0.946875 0.6875 0.04375 0.10625
6 0.97734375 0.6375 0.0296875 0.1375
6 0.65859375 0.534375 0.040625 0.1203125
3 0.9625 0.43828125 0.021875 0.1375
5 0.478125 0.4921875 0.0328125 0.121875