6 0.43125 0.08984375 0.0578125 0.1140625
6 0.31796875 0.46484375 0.0640625 0.1265625
6 0.4265625 0.58515625 0.059375 0.125
5 0.6546875 0.71640625 0.0796875 0.1296875
4 0.81015625 0.83203125 0.0296875 0.046875
6 0.88046875 0.50546875 0.0765625 0.15
6 0.97265625 0.44375 0.0546875 0.15625
6 0.97109375 0.41953125 0.0453125 0.11875
6 0.56953125 0.4609375 0.0734375 0.14375
6 0.61328125 0.39453125 0.0625 0.128125
6 0.64140625 0.35625 0.0546875 0.1234375
6 0.7203125 0.38671875 0.06875 0.14375
6 0.70546875 0.43984375 0.0578125 0.1328125
6 0.76328125 0.54140625 0.0765625 0.1515625
6 0.6265625 0.01328125 0.046875 0.0265625
3 0.9078125 0.25703125 0.0765625 0.1359375