5 0.790625 0.75859375 0.125 0.0421875
4 0.2734375 0.3234375 0.0328125 0.015625
6 0.32265625 0.29609375 0.1140625 0.0390625
6 0.4015625 0.309375 0.096875 0.0484375
6 0.428125 0.32265625 0.096875 0.0421875
6 0.325 0.33984375 0.14375 0.0453125
6 0.4484375 0.3953125 0.15 0.0515625
6 0.32109375 0.43125 0.1765625 0.0671875
6 0.4109375 0.51484375 0.1546875 0.0640625
6 0.475 0.61953125 0.1375 0.05
6 0.65390625 0.75234375 0.121875 0.0484375
6 0.5203125 0.81484375 0.1375 0.046875
3 0.47890625 0.91484375 0.140625 0.0453125
6 0.78125 0.9375 0.1375 0.046875