6 0.096875 0.42265625 0.0609375 0.115625
6 0.14375 0.4359375 0.0546875 0.0953125
6 0.1921875 0.4703125 0.0453125 0.0859375
6 0.17578125 0.7578125 0.06875 0.153125
6 0.25 0.61171875 0.0625 0.153125
6 0.18515625 0.64609375 0.0421875 0.096875
6 0.2671875 0.54765625 0.0421875 0.1171875
6 0.2984375 0.52734375 0.0671875 0.1265625
6 0.38671875 0.72890625 0.0640625 0.14375
6 0.4515625 0.8015625 0.08125 0.1671875
6 0.475 0.61015625 0.06875 0.171875
6 0.56328125 0.7109375 0.0671875 0.1390625
6 0.40546875 0.58515625 0.05625 0.10625
3 0.15 0.60546875 0.05 0.1453125
6 0.646875 0.5921875 0.071875 0.159375
5 0.7109375 0.48515625 0.0671875 0.09375