6 0.2390625 0.646875 0.178125 0.1125
6 0.4171875 0.5484375 0.1828125 0.0796875
6 0.4453125 0.60078125 0.1578125 0.0890625
6 0.528125 0.38984375 0.1609375 0.103125
6 0.51875 0.5515625 0.1453125 0.0796875
6 0.375 0.29296875 0.1890625 0.1015625
3 0.471875 0.1734375 0.1546875 0.0828125
6 0.50234375 0.11796875 0.1734375 0.1046875
6 0.69375 0.0890625 0.1390625 0.078125
6 0.6734375 0.32109375 0.1265625 0.0625
6 0.665625 0.36953125 0.075 0.046875
6 0.5484375 0.3375 0.1578125 0.084375
5 0.5828125 0.62421875 0.1265625 0.0640625
4 0.57578125 0.5984375 0.059375 0.0421875
6 0.54375 0.23515625 0.1671875 0.0734375
6 0.13203125 0.165625 0.1171875 0.096875