6 0.765625 0.7515625 0.0890625 0.0875
6 0.7 0.7109375 0.071875 0.071875
6 0.6515625 0.67578125 0.0984375 0.0375
6 0.5265625 0.58359375 0.084375 0.025
6 0.57890625 0.56015625 0.053125 0.0546875
6 0.5328125 0.5296875 0.0640625 0.0640625
3 0.59921875 0.5296875 0.0921875 0.034375
6 0.553125 0.4015625 0.0484375 0.0515625
6 0.58515625 0.3625 0.0546875 0.0546875
6 0.66328125 0.39453125 0.0484375 0.05
6 0.715625 0.26171875 0.0640625 0.0625
6 0.728125 0.190625 0.06875 0.0703125
6 0.69453125 0.21640625 0.1015625 0.034375
6 0.61953125 0.25703125 0.0625 0.0640625
6 0.61015625 0.22890625 0.08125 0.08125
6 0.64609375 0.23046875 0.0984375 0.0234375
5 0.621875 0.1421875 0.1046875 0.03125