4 0.653125 0.77890625 0.0578125 0.0390625
6 0.21484375 0.12890625 0.11875 0.0734375
6 0.47265625 0.153125 0.1578125 0.0890625
6 0.21640625 0.21328125 0.1109375 0.059375
6 0.209375 0.2703125 0.109375 0.0609375
6 0.23125 0.30625 0.13125 0.0703125
6 0.384375 0.3046875 0.1484375 0.0875
6 0.284375 0.3765625 0.1 0.059375
6 0.2828125 0.41015625 0.1140625 0.06875
6 0.3578125 0.4828125 0.1046875 0.0546875
6 0.4234375 0.47421875 0.1140625 0.0796875
6 0.496875 0.64765625 0.115625 0.06875
6 0.69765625 0.846875 0.1484375 0.075
5 0.4421875 0.79375 0.1328125 0.0796875