6 0.4171875 0.0921875 0.0625 0.1140625
6 0.3171875 0.47109375 0.06875 0.1265625
6 0.4296875 0.5875 0.0625 0.125
5 0.66171875 0.7109375 0.0828125 0.1296875
4 0.821875 0.8203125 0.03125 0.046875
6 0.88046875 0.4921875 0.08125 0.15
6 0.9703125 0.4265625 0.059375 0.15625
6 0.96796875 0.403125 0.05 0.11875
6 0.56796875 0.45859375 0.078125 0.14375
6 0.609375 0.390625 0.0671875 0.128125
6 0.63671875 0.3515625 0.0578125 0.1234375
6 0.71640625 0.37890625 0.0734375 0.14375
6 0.703125 0.4328125 0.0625 0.1328125
6 0.76484375 0.53203125 0.08125 0.1515625
6 0.60859375 0.0109375 0.0484375 0.021875
3 0.89921875 0.24296875 0.0796875 0.1375