5 0.15234375 0.4265625 0.040625 0.065625
6 0.2921875 0.465625 0.040625 0.1
6 0.20703125 0.73203125 0.0546875 0.134375
6 0.4125 0.82421875 0.0734375 0.1828125
6 0.34609375 0.5515625 0.0421875 0.1015625
6 0.35703125 0.4828125 0.046875 0.103125
3 0.55703125 0.590625 0.05 0.1203125
6 0.4828125 0.5703125 0.05 0.121875
6 0.65 0.43203125 0.0375 0.0984375
6 0.59609375 0.553125 0.0359375 0.115625
6 0.67109375 0.62578125 0.046875 0.125
6 0.75546875 0.6734375 0.0421875 0.134375
6 0.91953125 0.59765625 0.05 0.134375
6 0.89375 0.43125 0.0515625 0.121875
6 0.8125 0.33671875 0.0375 0.071875
3 0.80078125 0.2609375 0.01875 0.0453125