1 0.6234375 0.67265625 0.0953125 0.021875
1 0.94453125 0.45390625 0.1109375 0.028125
1 0.91640625 0.371875 0.1328125 0.034375
1 0.8578125 0.35625 0.1265625 0.021875
1 0.82421875 0.33671875 0.1234375 0.025
1 0.73125 0.33125 0.08125 0.025
1 0.825 0.3125 0.121875 0.015625
1 0.8109375 0.29453125 0.1265625 0.021875
1 0.85625 0.28359375 0.11875 0.025
1 0.80234375 0.246875 0.1375 0.03125
1 0.81640625 0.2015625 0.10625 0.0375
1 0.80546875 0.15859375 0.121875 0.040625
1 0.678125 0.11015625 0.0921875 0.025
1 0.65234375 0.1171875 0.096875 0.01875
1 0.64453125 0.09453125 0.115625 0.0234375
1 0.621875 0.0609375 0.10625 0.0265625
1 0.7265625 0.0234375 0.115625 0.034375