6 0.41796875 0.60703125 0.04375 0.1609375
6 0.9359375 0.6328125 0.059375 0.1953125
6 0.47890625 0.3296875 0.046875 0.1484375
6 0.4203125 0.34140625 0.046875 0.1453125
5 0.47109375 0.85859375 0.065625 0.1875
6 0.8078125 0.3703125 0.04375 0.159375
6 0.6765625 0.61875 0.046875 0.1828125
6 0.84921875 0.68671875 0.0484375 0.1671875
6 0.08515625 0.64375 0.0421875 0.1671875
6 0.3671875 0.540625 0.0453125 0.1515625
6 0.7515625 0.653125 0.059375 0.1859375
6 0.83671875 0.3328125 0.040625 0.146875
6 0.52578125 0.67265625 0.0484375 0.16875
6 0.80234375 0.63203125 0.0390625 0.1765625
6 0.35078125 0.54453125 0.0296875 0.13125
6 0.0453125 0.6296875 0.0421875 0.190625
4 0.34296875 0.5453125 0.021875 0.046875