3 0.94765625 0.40546875 0.0828125 0.140625
6 0.89140625 0.5359375 0.09375 0.1578125
6 0.790625 0.63125 0.0734375 0.125
6 0.74296875 0.65 0.075 0.1421875
6 0.696875 0.6421875 0.0875 0.134375
6 0.7015625 0.47421875 0.1015625 0.14375
6 0.68828125 0.309375 0.0921875 0.15625
6 0.5953125 0.60625 0.0875 0.15
6 0.5703125 0.62890625 0.09375 0.15
6 0.490625 0.63515625 0.071875 0.11875
6 0.3859375 0.5984375 0.0734375 0.1171875
6 0.26171875 0.578125 0.0921875 0.115625
4 0.315625 0.53203125 0.034375 0.0328125
5 0.071875 0.7484375 0.0625 0.1125