3 0.60078125 0.36015625 0.140625 0.059375
6 0.71953125 0.47265625 0.0984375 0.0390625
6 0.675 0.4578125 0.1046875 0.040625
6 0.56875 0.31171875 0.121875 0.0484375
6 0.403125 0.203125 0.140625 0.0578125
6 0.62421875 0.5578125 0.1078125 0.046875
6 0.6578125 0.63203125 0.1140625 0.05625
6 0.60078125 0.7421875 0.115625 0.046875
6 0.5859375 0.734375 0.1015625 0.0484375
6 0.540625 0.790625 0.125 0.0515625
6 0.525 0.890625 0.090625 0.0515625
6 0.4765625 0.8859375 0.1109375 0.0609375
6 0.434375 0.88046875 0.128125 0.071875
6 0.43828125 0.6609375 0.128125 0.0515625
6 0.4734375 0.61015625 0.1265625 0.046875
6 0.76796875 0.1625 0.0953125 0.0359375
4 0.725 0.16640625 0.03125 0.0265625
6 0.59765625 0.084375 0.1359375 0.059375
5 0.61328125 0.9875 0.1328125 0.025
6 0.14140625 0.47890625 0.1921875 0.0921875