6 0.29140625 0.1171875 0.1421875 0.090625
6 0.0890625 0.20546875 0.1640625 0.1
6 0.40390625 0.0796875 0.109375 0.078125
6 0.45546875 0.2046875 0.1125 0.0796875
6 0.32734375 0.396875 0.11875 0.0796875
6 0.5390625 0.31640625 0.103125 0.06875
3 0.4609375 0.3 0.1234375 0.0703125
6 0.5515625 0.3734375 0.1171875 0.071875
6 0.66015625 0.34765625 0.0875 0.059375
6 0.30390625 0.6890625 0.121875 0.0671875
6 0.553125 0.56796875 0.1234375 0.0890625
6 0.62421875 0.46796875 0.0875 0.0515625
6 0.621875 0.40859375 0.1109375 0.06875
6 0.47890625 0.46796875 0.1125 0.0734375
6 0.4890625 0.43828125 0.096875 0.0546875
6 0.44921875 0.72265625 0.11875 0.0765625
6 0.4984375 0.746875 0.115625 0.0734375
6 0.440625 0.81484375 0.1734375 0.09375
5 0.6390625 0.909375 0.1546875 0.0984375
6 0.628125 0.440625 0.0921875 0.0625