6 0.42578125 0.35859375 0.184375 0.075
6 0.30546875 0.521875 0.159375 0.053125
6 0.4 0.7328125 0.15625 0.0484375
6 0.33828125 0.61640625 0.18125 0.0453125
6 0.45234375 0.61484375 0.1265625 0.0484375
6 0.5 0.55625 0.1171875 0.0296875
6 0.4046875 0.5390625 0.1171875 0.040625
6 0.5171875 0.16484375 0.18125 0.03125
6 0.734375 0.0328125 0.165625 0.0484375
6 0.6265625 0.22578125 0.165625 0.0484375
6 0.45234375 0.70546875 0.15625 0.040625
5 0.7640625 0.19375 0.1390625 0.04375
4 0.40625 0.6265625 0.046875 0.025