6 0.61796875 0.10078125 0.0515625 0.1140625
6 0.35234375 0.38828125 0.05625 0.1265625
6 0.396875 0.54453125 0.0515625 0.125
5 0.54375 0.7625 0.071875 0.128125
4 0.63359375 0.934375 0.0265625 0.046875
6 0.83984375 0.671875 0.0671875 0.1484375
6 0.95859375 0.6609375 0.0625 0.15625
6 0.95859375 0.634375 0.0375 0.1203125
6 0.5796875 0.4953125 0.065625 0.14375
6 0.6484375 0.4546875 0.0546875 0.128125
6 0.690625 0.4328125 0.046875 0.1234375
6 0.74765625 0.49453125 0.059375 0.14375
6 0.7109375 0.5359375 0.05 0.134375
6 0.71875 0.65234375 0.0671875 0.1515625
6 0.8390625 0.0953125 0.0421875 0.078125
3 0.96953125 0.46015625 0.0609375 0.1359375