4 0.28046875 0.5171875 0.0484375 0.0265625
6 0.60390625 0.67109375 0.196875 0.065625
6 0.3796875 0.7625 0.1640625 0.0359375
6 0.2953125 0.7734375 0.134375 0.0390625
6 0.48125 0.49375 0.1703125 0.06875
6 0.41640625 0.409375 0.2109375 0.0703125
6 0.64140625 0.33515625 0.16875 0.053125
6 0.7265625 0.1390625 0.1890625 0.059375
6 0.5359375 0.0765625 0.15625 0.0734375
6 0.4796875 0.23828125 0.14375 0.0421875
6 0.38203125 0.271875 0.1359375 0.0375
6 0.5640625 0.02265625 0.15 0.0453125
6 0.43046875 0.165625 0.1875 0.05625
6 0.43671875 0.1921875 0.140625 0.0359375
6 0.23125 0.60859375 0.1140625 0.0390625
6 0.31640625 0.5828125 0.125 0.034375
6 0.28671875 0.5609375 0.11875 0.046875
3 0.3984375 0.66796875 0.2125 0.0640625