6 0.4796875 0.03125 0.125 0.0453125
6 0.5796875 0.03359375 0.115625 0.0390625
6 0.803125 0.07109375 0.121875 0.0359375
6 0.47109375 0.1859375 0.1125 0.040625
6 0.63125 0.28671875 0.1296875 0.0484375
6 0.46484375 0.5515625 0.10625 0.04375
6 0.68671875 0.5875 0.121875 0.0390625
6 0.575 0.7015625 0.1578125 0.0453125
6 0.665625 0.75 0.153125 0.0578125
6 0.3984375 0.50546875 0.0953125 0.040625
6 0.35390625 0.42421875 0.1109375 0.04375
6 0.328125 0.37890625 0.0828125 0.03125
6 0.47734375 0.3875 0.0859375 0.0328125
5 0.496875 0.89375 0.1484375 0.0640625
3 0.5015625 0.2734375 0.1140625 0.059375
4 0.7140625 0.61484375 0.0734375 0.028125
6 0.371875 0.45703125 0.0984375 0.040625
6 0.6078125 0.64296875 0.1078125 0.040625
6 0.73828125 0.58125 0.1125 0.0375