5 0.4734375 0.23203125 0.1328125 0.0953125
6 0.365625 0.9234375 0.15625 0.053125
3 0.42578125 0.8703125 0.1171875 0.05
6 0.58984375 0.9359375 0.1296875 0.0484375
6 0.6546875 0.94765625 0.0984375 0.028125
6 0.55234375 0.85859375 0.1484375 0.04375
6 0.5203125 0.8953125 0.1078125 0.0296875
6 0.57265625 0.70625 0.1625 0.0375
6 0.54453125 0.646875 0.1453125 0.046875
6 0.44765625 0.61171875 0.1296875 0.040625
6 0.4890625 0.5265625 0.1390625 0.046875
6 0.5046875 0.46875 0.1265625 0.0484375
6 0.41640625 0.35859375 0.1359375 0.046875
6 0.3734375 0.2859375 0.1296875 0.046875
6 0.359375 0.2359375 0.1140625 0.034375