6 0.071875 0.58046875 0.0515625 0.134375
6 0.09296875 0.8 0.0578125 0.15625
6 0.0703125 0.46171875 0.05 0.1
6 0.20546875 0.4515625 0.0515625 0.103125
6 0.3484375 0.63203125 0.0484375 0.1109375
6 0.3375 0.40625 0.0421875 0.0953125
3 0.29765625 0.47578125 0.0359375 0.11875
6 0.3953125 0.41171875 0.0390625 0.1109375
6 0.4046875 0.30078125 0.0359375 0.0796875
6 0.61875 0.74453125 0.0328125 0.11875
6 0.58046875 0.4703125 0.0578125 0.1125
6 0.5078125 0.371875 0.0265625 0.084375
6 0.45078125 0.35546875 0.040625 0.1046875
6 0.4625 0.51015625 0.0421875 0.10625
6 0.43828125 0.49140625 0.028125 0.09375
6 0.69609375 0.6171875 0.0453125 0.1109375
6 0.734375 0.578125 0.04375 0.1078125
6 0.78046875 0.65390625 0.0453125 0.16875
5 0.9328125 0.49375 0.05625 0.146875
6 0.48359375 0.359375 0.040625 0.084375