1 0.22578125 0.5703125 0.0578125 0.10625
1 0.34453125 0.49453125 0.05 0.0921875
1 0.3046875 0.6390625 0.0671875 0.1125
1 0.39140625 0.6328125 0.0625 0.1125
1 0.4578125 0.3609375 0.0421875 0.0734375
1 0.47109375 0.384375 0.0390625 0.071875
1 0.6875 0.44375 0.0390625 0.071875
1 0.66171875 0.34921875 0.0375 0.071875
1 0.7671875 0.4921875 0.04375 0.090625
1 0.89921875 0.4375 0.0453125 0.0859375
1 0.9 0.62109375 0.05 0.09375
1 0.7546875 0.7390625 0.0609375 0.1140625
1 0.7921875 0.84609375 0.065625 0.1140625
1 0.8984375 0.6890625 0.05625 0.0984375
1 0.309375 0.828125 0.0703125 0.1125
1 0.3390625 0.82421875 0.071875 0.1265625
1 0.2328125 0.43359375 0.046875 0.071875
1 0.25390625 0.41640625 0.040625 0.0734375
1 0.16328125 0.21875 0.04375 0.0828125