6 0.46328125 0.03203125 0.1234375 0.040625
6 0.56328125 0.03125 0.1140625 0.034375
6 0.78828125 0.0609375 0.1203125 0.03125
6 0.46015625 0.1875 0.1109375 0.0375
6 0.6234375 0.28203125 0.1296875 0.04375
6 0.46640625 0.553125 0.1046875 0.040625
6 0.68984375 0.58125 0.1203125 0.034375
6 0.58203125 0.6984375 0.15625 0.040625
6 0.67421875 0.74375 0.1515625 0.053125
6 0.3984375 0.509375 0.09375 0.0375
6 0.3515625 0.4296875 0.1109375 0.040625
6 0.32421875 0.38515625 0.08125 0.028125
6 0.4734375 0.38828125 0.084375 0.0296875
5 0.5109375 0.89375 0.1453125 0.059375
3 0.49375 0.2734375 0.1109375 0.05625
4 0.71796875 0.60703125 0.071875 0.025
6 0.3703125 0.46171875 0.0984375 0.0375
6 0.6125 0.6390625 0.1078125 0.0375
6 0.740625 0.57265625 0.1109375 0.034375