5 0.20078125 0.23359375 0.1171875 0.040625
6 0.19765625 0.0765625 0.125 0.0453125
6 0.41484375 0.1703125 0.13125 0.0515625
3 0.49296875 0.13203125 0.1453125 0.0640625
6 0.3109375 0.253125 0.115625 0.0515625
6 0.51171875 0.384375 0.125 0.0515625
6 0.48515625 0.48125 0.1390625 0.0578125
6 0.54921875 0.54296875 0.13125 0.0546875
6 0.6734375 0.52421875 0.0984375 0.0328125
6 0.68359375 0.5359375 0.0984375 0.0359375
4 0.6421875 0.5640625 0.0328125 0.0203125
6 0.63984375 0.62265625 0.1515625 0.05625
6 0.59140625 0.75859375 0.11875 0.053125
6 0.65078125 0.746875 0.11875 0.0734375