6 0.8015625 0.64296875 0.1375 0.0875
6 0.80390625 0.72421875 0.1484375 0.0828125
6 0.7375 0.6125 0.1234375 0.0671875
6 0.76796875 0.58515625 0.090625 0.0546875
6 0.53515625 0.94453125 0.1984375 0.1078125
6 0.578125 0.71875 0.1828125 0.1
6 0.6390625 0.5828125 0.1515625 0.0859375
6 0.4046875 0.584375 0.18125 0.1140625
6 0.2734375 0.44453125 0.1859375 0.1109375
6 0.3265625 0.1421875 0.153125 0.1015625
5 0.44609375 0.09609375 0.1140625 0.0765625
4 0.68125 0.3625 0.034375 0.025
6 0.625 0.41953125 0.1375 0.084375
6 0.56640625 0.42109375 0.121875 0.0796875
6 0.5609375 0.35546875 0.1234375 0.071875
6 0.49453125 0.35703125 0.1546875 0.096875
6 0.4640625 0.29296875 0.1546875 0.0921875
6 0.46171875 0.26484375 0.1671875 0.0984375
3 0.728125 0.84609375 0.175 0.1
6 0.90859375 0.80859375 0.1625 0.1109375