6 0.12890625 0.11171875 0.0875 0.1671875
3 0.2171875 0.325 0.0796875 0.171875
6 0.0578125 0.4734375 0.109375 0.2203125
6 0.35546875 0.2375 0.059375 0.1390625
6 0.37734375 0.259375 0.0671875 0.1234375
4 0.396875 0.21484375 0.021875 0.03125
6 0.41875 0.2625 0.05625 0.1140625
6 0.34375 0.42421875 0.0671875 0.1453125
6 0.5234375 0.30546875 0.065625 0.1234375
6 0.49609375 0.3859375 0.0859375 0.15625
6 0.67265625 0.36171875 0.05 0.0984375
6 0.6578125 0.4265625 0.065625 0.1390625
6 0.76484375 0.49765625 0.078125 0.1546875
6 0.55 0.67421875 0.1015625 0.1765625
6 0.45546875 0.58828125 0.0953125 0.1625
6 0.79296875 0.50859375 0.0578125 0.1375
6 0.82421875 0.50625 0.0703125 0.1578125
6 0.86796875 0.503125 0.075 0.1671875
6 0.93515625 0.640625 0.1125 0.209375