6 0.1421875 0.9390625 0.0625 0.121875
6 0.1734375 0.70859375 0.0640625 0.1515625
6 0.31171875 0.809375 0.0578125 0.2125
6 0.44609375 0.82421875 0.0484375 0.125
6 0.47578125 0.67265625 0.0375 0.103125
6 0.5203125 0.7140625 0.0359375 0.103125
6 0.6046875 0.66875 0.0578125 0.1109375
6 0.64296875 0.64453125 0.0546875 0.13125
6 0.56171875 0.56640625 0.0453125 0.115625
6 0.46171875 0.52265625 0.05625 0.1296875
6 0.2109375 0.49921875 0.0421875 0.1015625
5 0.63359375 0.47578125 0.0453125 0.1046875
6 0.47265625 0.4734375 0.0265625 0.0953125