3 0.54453125 0.16953125 0.1203125 0.053125
3 0.91484375 0.98671875 0.16875 0.0265625
6 0.8890625 0.30703125 0.196875 0.053125
6 0.69453125 0.50078125 0.1359375 0.071875
6 0.79140625 0.6828125 0.1515625 0.0640625
6 0.84375 0.784375 0.1625 0.059375
6 0.6328125 0.346875 0.1546875 0.059375
6 0.58671875 0.453125 0.1046875 0.0453125
6 0.54765625 0.40703125 0.090625 0.04375
6 0.484375 0.41953125 0.1109375 0.0296875
6 0.46328125 0.25546875 0.1421875 0.05625
6 0.503125 0.2234375 0.178125 0.05
6 0.43046875 0.3171875 0.1203125 0.04375
6 0.5125 0.35 0.0984375 0.046875
5 0.475 0.50625 0.1046875 0.0640625