6 0.2109375 0.64140625 0.0828125 0.1609375
6 0.2890625 0.61953125 0.0671875 0.1359375
6 0.40234375 0.7125 0.0734375 0.19375
6 0.49921875 0.8953125 0.0796875 0.18125
6 0.74453125 0.8640625 0.05625 0.1171875
6 0.784375 0.56953125 0.0515625 0.1671875
6 0.759375 0.415625 0.0609375 0.1296875
6 0.721875 0.403125 0.053125 0.1109375
6 0.62734375 0.42734375 0.059375 0.109375
6 0.59140625 0.4015625 0.0484375 0.153125
6 0.553125 0.415625 0.05625 0.1171875
6 0.49140625 0.48515625 0.0578125 0.11875
6 0.47421875 0.425 0.0265625 0.0859375
6 0.4046875 0.46171875 0.053125 0.10625
6 0.946875 0.92890625 0.046875 0.1421875
6 0.96953125 0.63125 0.053125 0.1328125
3 0.6234375 0.57578125 0.06875 0.178125
3 0.828125 0.1890625 0.01875 0.0671875
5 0.3375 0.41875 0.090625 0.1265625