4 0.70625 0.4375 0.040625 0.0328125
6 0.73046875 0.34296875 0.140625 0.05
6 0.64296875 0.1890625 0.128125 0.0484375
6 0.56953125 0.215625 0.1375 0.053125
3 0.57421875 0.30625 0.1421875 0.053125
6 0.3625 0.353125 0.1796875 0.0734375
6 0.52109375 0.49921875 0.146875 0.0484375
6 0.6765625 0.3828125 0.109375 0.0453125
6 0.7046875 0.40625 0.1125 0.040625
6 0.7140625 0.47421875 0.1015625 0.0390625
6 0.653125 0.484375 0.13125 0.0671875
6 0.61171875 0.5671875 0.1390625 0.04375
6 0.39609375 0.68984375 0.165625 0.059375
6 0.65078125 0.70234375 0.128125 0.0484375
6 0.56953125 0.753125 0.1390625 0.0625
6 0.6125 0.7828125 0.159375 0.059375
6 0.61640625 0.815625 0.1609375 0.06875
6 0.53046875 0.92734375 0.153125 0.05625
6 0.5203125 0.98125 0.165625 0.0375
6 0.3390625 0.89453125 0.1921875 0.0734375