3 0.4890625 0.225 0.221875 0.115625
6 0.38359375 0.09921875 0.1921875 0.1078125
6 0.49140625 0.46171875 0.2 0.1265625
6 0.62734375 0.428125 0.153125 0.08125
6 0.565625 0.55703125 0.125 0.0765625
6 0.6265625 0.603125 0.125 0.0734375
6 0.35703125 0.6046875 0.2015625 0.10625
6 0.35703125 0.66796875 0.203125 0.0953125
6 0.3296875 0.696875 0.1921875 0.115625
6 0.49140625 0.75234375 0.1453125 0.0765625
6 0.48125 0.68671875 0.13125 0.06875
5 0.5140625 0.671875 0.1328125 0.078125
6 0.47578125 0.62265625 0.15 0.0796875
6 0.60859375 0.67578125 0.0921875 0.0546875