6 0.4859375 0.79609375 0.1453125 0.0859375
6 0.45859375 0.79921875 0.115625 0.071875
6 0.51953125 0.74921875 0.128125 0.0734375
4 0.60078125 0.74765625 0.046875 0.0375
6 0.54375 0.5796875 0.1421875 0.084375
6 0.7484375 0.5796875 0.159375 0.096875
6 0.51171875 0.44921875 0.121875 0.0671875
6 0.6796875 0.46015625 0.121875 0.0640625
6 0.5625 0.3953125 0.1265625 0.06875
6 0.4828125 0.196875 0.125 0.075
6 0.5984375 0.171875 0.121875 0.0671875
6 0.484375 0.01171875 0.121875 0.0234375
3 0.69609375 0.1765625 0.1359375 0.075
5 0.40859375 0.11796875 0.1046875 0.0578125