6 0.78046875 0.5078125 0.075 0.1390625
6 0.83203125 0.51953125 0.078125 0.1453125
6 0.6546875 0.3890625 0.0625 0.11875
3 0.73125 0.5921875 0.0796875 0.1421875
3 0.59765625 0.31796875 0.0609375 0.0984375
6 0.4421875 0.56171875 0.071875 0.1359375
6 0.40234375 0.94453125 0.0859375 0.1109375
6 0.56328125 0.45703125 0.0734375 0.1421875
6 0.4296875 0.75390625 0.078125 0.1515625
6 0.9640625 0.378125 0.071875 0.15
6 0.684375 0.35078125 0.0625 0.1125
6 0.465625 0.51796875 0.0734375 0.140625
6 0.72265625 0.32421875 0.0546875 0.1015625
6 0.51953125 0.49609375 0.0703125 0.140625
6 0.73671875 0.3109375 0.0609375 0.10625
5 0.47421875 0.4328125 0.05625 0.096875