6 0.29609375 0.36015625 0.1046875 0.0359375
6 0.3734375 0.3640625 0.0796875 0.03125
5 0.3625 0.4546875 0.0625 0.040625
6 0.36640625 0.49375 0.121875 0.0359375
4 0.37890625 0.48359375 0.015625 0.0109375
6 0.42890625 0.53828125 0.090625 0.01875
6 0.3625 0.5640625 0.1015625 0.0234375
6 0.3140625 0.57421875 0.1328125 0.021875
6 0.41328125 0.5890625 0.0859375 0.028125
6 0.39296875 0.73671875 0.103125 0.021875
6 0.31484375 0.78828125 0.1171875 0.028125
6 0.09140625 0.871875 0.153125 0.04375
3 0.5453125 0.89296875 0.0625 0.0171875