6 0.35703125 0.609375 0.0734375 0.115625
6 0.04375 0.65703125 0.0765625 0.1328125
6 0.6828125 0.56640625 0.078125 0.146875
6 0.740625 0.753125 0.0765625 0.128125
6 0.38671875 0.36953125 0.0671875 0.1078125
6 0.2875 0.403125 0.0484375 0.096875
6 0.25703125 0.29921875 0.05625 0.0859375
6 0.3453125 0.22734375 0.0546875 0.078125
6 0.44140625 0.22421875 0.0578125 0.103125
6 0.52109375 0.296875 0.08125 0.11875
6 0.63515625 0.3484375 0.053125 0.103125
6 0.64453125 0.35234375 0.1046875 0.1625
3 0.31328125 0.434375 0.0765625 0.1265625
4 0.35 0.25625 0.028125 0.04375