4 0.5328125 0.60390625 0.0375 0.04375
6 0.26796875 0.465625 0.05 0.0515625
6 0.2828125 0.67109375 0.078125 0.078125
6 0.24609375 0.70625 0.0890625 0.0890625
6 0.2828125 0.4234375 0.0578125 0.0578125
6 0.37265625 0.53515625 0.0671875 0.0671875
6 0.46875 0.84140625 0.0984375 0.0984375
6 0.4375 0.50546875 0.065625 0.065625
6 0.54296875 0.45703125 0.04375 0.0734375
6 0.60390625 0.384375 0.0609375 0.0609375
6 0.7171875 0.684375 0.06875 0.1359375
6 0.66953125 0.82578125 0.09375 0.09375
6 0.2453125 0.37578125 0.0765625 0.0765625
6 0.49609375 0.2390625 0.0359375 0.0484375
6 0.39453125 0.259375 0.053125 0.0796875
6 0.7 0.34609375 0.0484375 0.046875
6 0.71328125 0.32890625 0.05 0.08125
5 0.85078125 0.16796875 0.0421875 0.0421875
3 0.45 0.453125 0.0484375 0.0484375
6 0.87890625 0.63671875 0.09375 0.09375