6 0.06875 0.471875 0.0578125 0.1296875
6 0.08671875 0.53125 0.065625 0.184375
6 0.1953125 0.67109375 0.0375 0.1015625
6 0.2609375 0.58984375 0.04375 0.0984375
6 0.3171875 0.56015625 0.05 0.1078125
6 0.35390625 0.515625 0.03125 0.1171875
6 0.375 0.6046875 0.053125 0.09375
6 0.478125 0.43046875 0.053125 0.1078125
6 0.61484375 0.2453125 0.053125 0.1515625
6 0.79765625 0.3796875 0.05 0.1484375
6 0.96328125 0.4015625 0.040625 0.1296875
6 0.3234375 0.43359375 0.01875 0.1875
6 0.4625 0.57109375 0.025 0.1546875
6 0.4921875 0.54140625 0.0328125 0.1078125
6 0.42265625 0.54453125 0.021875 0.0953125
6 0.45078125 0.54453125 0.01875 0.090625
4 0.41484375 0.4796875 0.028125 0.053125
5 0.5921875 0.59140625 0.040625 0.1328125