6 0.253125 0.14375 0.2140625 0.109375
6 0.4984375 0.3765625 0.1765625 0.096875
6 0.58515625 0.52265625 0.1734375 0.090625
6 0.64375 0.553125 0.1703125 0.09375
6 0.64765625 0.253125 0.1640625 0.090625
6 0.5375 0.01875 0.14375 0.0375
6 0.71484375 0.03671875 0.121875 0.0703125
6 0.77265625 0.29921875 0.121875 0.06875
6 0.81953125 0.41875 0.1015625 0.05
6 0.77734375 0.40546875 0.1046875 0.059375
6 0.57734375 0.38359375 0.1515625 0.0703125
6 0.5984375 0.42734375 0.171875 0.090625
6 0.6 0.47109375 0.14375 0.0734375
3 0.715625 0.14296875 0.1171875 0.0671875
4 0.7828125 0.4328125 0.0296875 0.0203125