3 0.51328125 0.95 0.1140625 0.065625
6 0.62109375 0.9140625 0.0953125 0.0515625
6 0.51484375 0.83828125 0.1046875 0.053125
6 0.42890625 0.75859375 0.125 0.0671875
6 0.6265625 0.75625 0.1 0.0609375
6 0.59375 0.54296875 0.1015625 0.0609375
6 0.7078125 0.58984375 0.090625 0.0484375
6 0.7125 0.57109375 0.1 0.0609375
6 0.62109375 0.51875 0.0953125 0.0515625
6 0.484375 0.46796875 0.1015625 0.0515625
6 0.4640625 0.39140625 0.103125 0.0546875
4 0.665625 0.62734375 0.028125 0.021875
5 0.6734375 0.40625 0.11875 0.0609375