5 0.42109375 0.60625 0.059375 0.109375
3 0.8421875 0.465625 0.0515625 0.1203125
6 0.08671875 0.30390625 0.0546875 0.159375
6 0.43828125 0.2015625 0.0671875 0.1734375
6 0.59765625 0.23203125 0.065625 0.1703125
6 0.759375 0.253125 0.0578125 0.171875
6 0.61484375 0.4421875 0.0546875 0.140625
6 0.5640625 0.50859375 0.05 0.125
6 0.55390625 0.6140625 0.04375 0.1015625
6 0.52734375 0.54921875 0.0390625 0.1140625
6 0.49375 0.5578125 0.0390625 0.096875
6 0.46796875 0.5546875 0.0453125 0.1125
6 0.49375 0.55703125 0.0421875 0.11875
6 0.8734375 0.596875 0.0578125 0.115625
6 0.44296875 0.56328125 0.053125 0.128125