6 0.5984375 0.14921875 0.1375 0.0640625
6 0.60859375 0.32265625 0.1375 0.065625
6 0.16875 0.57890625 0.184375 0.090625
6 0.37578125 0.5875 0.1390625 0.0671875
6 0.40546875 0.67578125 0.1421875 0.084375
6 0.44375 0.5609375 0.1484375 0.0671875
6 0.459375 0.66015625 0.1375 0.075
6 0.47421875 0.5921875 0.1265625 0.0734375
6 0.49140625 0.56328125 0.1109375 0.0578125
6 0.72890625 0.34765625 0.1078125 0.065625
6 0.790625 0.2015625 0.1234375 0.0703125
6 0.78203125 0.3265625 0.1109375 0.0578125
4 0.7484375 0.3109375 0.03125 0.0203125
5 0.49140625 0.86015625 0.11875 0.071875
3 0.7796875 0.11484375 0.125 0.0625