6 0.1421875 0.71640625 0.0625 0.2109375
6 0.34921875 0.646875 0.0484375 0.16875
6 0.4640625 0.7265625 0.0546875 0.1890625
6 0.50703125 0.5203125 0.0390625 0.1390625
6 0.55546875 0.528125 0.0390625 0.1609375
6 0.609375 0.40625 0.0484375 0.1578125
6 0.7828125 0.53515625 0.059375 0.1703125
6 0.8140625 0.41015625 0.0453125 0.1546875
6 0.85390625 0.46640625 0.0421875 0.1546875
6 0.8109375 0.82734375 0.053125 0.246875
6 0.74296875 0.89765625 0.0671875 0.2046875
6 0.30703125 0.54765625 0.053125 0.1640625
6 0.36640625 0.53515625 0.034375 0.1578125
6 0.40546875 0.5203125 0.046875 0.1453125
5 0.359375 0.41796875 0.053125 0.1203125
4 0.7015625 0.56015625 0.028125 0.040625