6 0.1125 0.52890625 0.0609375 0.1234375
3 0.22109375 0.559375 0.053125 0.109375
6 0.3015625 0.56328125 0.0515625 0.1171875
6 0.253125 0.69609375 0.06875 0.1328125
6 0.259375 0.38125 0.053125 0.1046875
6 0.296875 0.37734375 0.0375 0.103125
6 0.33046875 0.53828125 0.0359375 0.09375
6 0.36171875 0.48125 0.046875 0.1109375
6 0.33203125 0.41171875 0.040625 0.078125
6 0.403125 0.459375 0.0421875 0.1078125
6 0.4390625 0.45625 0.0484375 0.0984375
6 0.47890625 0.528125 0.05 0.109375
6 0.57421875 0.5671875 0.0484375 0.1234375
6 0.5078125 0.6765625 0.05 0.1140625
6 0.53984375 0.7515625 0.05625 0.13125
6 0.67109375 0.66875 0.06875 0.1171875
5 0.859375 0.478125 0.0640625 0.1046875
6 0.64296875 0.58828125 0.0453125 0.1125