5 0.42265625 0.2421875 0.15 0.11875
6 0.44921875 0.94140625 0.1640625 0.08125
3 0.49765625 0.87734375 0.125 0.071875
6 0.67109375 0.9109375 0.1359375 0.071875
6 0.7375 0.91015625 0.1015625 0.046875
6 0.61953125 0.8421875 0.1546875 0.071875
6 0.5953125 0.884375 0.1125 0.0484375
6 0.6109375 0.68828125 0.1671875 0.0671875
6 0.571875 0.6359375 0.1515625 0.0734375
6 0.4703125 0.61953125 0.134375 0.0640625
6 0.49453125 0.528125 0.146875 0.0734375
6 0.4984375 0.46875 0.134375 0.071875
6 0.390625 0.37734375 0.1421875 0.071875
6 0.33515625 0.3140625 0.1359375 0.0703125
6 0.31171875 0.26796875 0.1171875 0.0546875