4 0.36796875 0.7296875 0.0328125 0.0421875
5 0.4046875 0.621875 0.071875 0.1140625
6 0.46484375 0.69296875 0.06875 0.134375
6 0.525 0.77734375 0.0953125 0.184375
6 0.56640625 0.6578125 0.084375 0.1703125
6 0.58125 0.61015625 0.0859375 0.1796875
6 0.6125 0.61328125 0.0734375 0.15
6 0.76015625 0.62421875 0.1078125 0.1671875
3 0.64375 0.853125 0.103125 0.2078125
6 0.88203125 0.4578125 0.0734375 0.1328125
6 0.92109375 0.51875 0.084375 0.1796875
6 0.9578125 0.42890625 0.084375 0.1453125
6 0.965625 0.54140625 0.06875 0.1546875