6 0.6609375 0.30703125 0.078125 0.078125
6 0.65 0.384375 0.040625 0.084375
5 0.56015625 0.365625 0.0609375 0.0609375
6 0.5203125 0.36640625 0.090625 0.090625
4 0.5296875 0.3796875 0.0140625 0.0140625
6 0.4703125 0.425 0.0640625 0.0625
6 0.44921875 0.35625 0.071875 0.071875
6 0.44375 0.30703125 0.0859375 0.0875
6 0.4203125 0.40546875 0.0703125 0.06875
6 0.27265625 0.37109375 0.0734375 0.075
6 0.228125 0.28828125 0.0453125 0.121875
6 0.1640625 0.05546875 0.1078125 0.1078125
3 0.10234375 0.5109375 0.046875 0.046875