6 0.80390625 0.45 0.0921875 0.215625
6 0.63671875 0.3734375 0.109375 0.196875
6 0.57578125 0.4859375 0.06875 0.1328125
6 0.52109375 0.59765625 0.0875 0.159375
6 0.4546875 0.70546875 0.0921875 0.175
6 0.39609375 0.6421875 0.084375 0.175
6 0.25 0.68984375 0.0953125 0.1859375
6 0.29765625 0.7 0.0984375 0.1921875
6 0.34765625 0.7140625 0.08125 0.1296875
6 0.3109375 0.57890625 0.090625 0.1640625
6 0.97109375 0.55703125 0.0578125 0.1765625
6 0.8859375 0.15390625 0.1078125 0.2109375
5 0.7171875 0.171875 0.08125 0.1625
3 0.92109375 0.4421875 0.071875 0.1703125