6 0.259375 0.75703125 0.0921875 0.20625
6 0.1078125 0.59765625 0.0734375 0.18125
6 0.26953125 0.5109375 0.065625 0.1421875
6 0.7453125 0.6671875 0.071875 0.1578125
3 0.71796875 0.5796875 0.065625 0.1515625
6 0.35625 0.45390625 0.0734375 0.140625
6 0.42890625 0.47890625 0.0796875 0.146875
6 0.38125 0.421875 0.0515625 0.1140625
6 0.475 0.4265625 0.0578125 0.1203125
6 0.54453125 0.43828125 0.0796875 0.121875
6 0.56875 0.4171875 0.0421875 0.09375
6 0.65546875 0.409375 0.0546875 0.096875
6 0.69921875 0.403125 0.046875 0.1046875
6 0.815625 0.503125 0.0640625 0.1359375
6 0.88203125 0.4890625 0.0515625 0.1203125
3 0.959375 0.39375 0.040625 0.078125
5 0.20390625 0.35546875 0.0640625 0.11875