6 0.0625 0.43046875 0.034375 0.10625
6 0.2109375 0.6734375 0.0421875 0.159375
6 0.290625 0.73046875 0.0453125 0.1515625
6 0.190625 0.94453125 0.0625 0.1109375
6 0.35078125 0.46640625 0.040625 0.115625
6 0.38046875 0.58671875 0.0453125 0.134375
6 0.43359375 0.4375 0.0265625 0.1203125
6 0.4890625 0.51796875 0.040625 0.128125
6 0.46015625 0.44140625 0.0296875 0.109375
6 0.58046875 0.49921875 0.03125 0.1328125
6 0.6484375 0.6640625 0.025 0.115625
6 0.67265625 0.52890625 0.03125 0.09375
6 0.75 0.61015625 0.0265625 0.1203125
6 0.803125 0.58984375 0.0421875 0.128125
3 0.27109375 0.51640625 0.0328125 0.1109375