6 0.5453125 0.71796875 0.06875 0.184375
6 0.3375 0.66640625 0.06875 0.1828125
6 0.38515625 0.59609375 0.0390625 0.115625
6 0.60546875 0.46015625 0.065625 0.1234375
6 0.70078125 0.50546875 0.053125 0.1390625
6 0.7953125 0.55625 0.06875 0.1375
3 0.86484375 0.5234375 0.040625 0.1375
6 0.8390625 0.40546875 0.05625 0.103125
6 0.7546875 0.36015625 0.0453125 0.1109375
6 0.93515625 0.28125 0.0546875 0.1484375
6 0.26484375 0.5765625 0.0734375 0.1421875
6 0.21484375 0.61015625 0.0546875 0.13125
5 0.784375 0.25703125 0.0609375 0.121875