6 0.34609375 0.378125 0.1953125 0.0765625
6 0.39375 0.57578125 0.2015625 0.0765625
6 0.56796875 0.5953125 0.171875 0.05625
6 0.640625 0.7046875 0.1421875 0.04375
6 0.72421875 0.65234375 0.128125 0.0390625
6 0.73828125 0.7515625 0.1328125 0.0375
6 0.62734375 0.54453125 0.06875 0.0375
6 0.60625 0.3359375 0.14375 0.0625
6 0.57890625 0.28984375 0.15 0.0515625
6 0.55234375 0.19140625 0.15 0.0546875
5 0.60234375 0.48671875 0.084375 0.0609375
6 0.50234375 0.89375 0.175 0.0625
3 0.59921875 0.9375 0.16875 0.0796875
6 0.6921875 0.93125 0.0984375 0.053125