6 0.53359375 0.16875 0.1234375 0.0515625
6 0.5375 0.315625 0.1265625 0.0390625
6 0.51953125 0.290625 0.0984375 0.0453125
6 0.53125 0.3671875 0.146875 0.04375
6 0.46484375 0.43359375 0.1015625 0.0390625
5 0.4015625 0.446875 0.0796875 0.0421875
6 0.41953125 0.57734375 0.09375 0.034375
6 0.58359375 0.5203125 0.1421875 0.05
6 0.53203125 0.58828125 0.121875 0.0703125
6 0.41875 0.65703125 0.0953125 0.0421875
6 0.47109375 0.7515625 0.1203125 0.03125
6 0.40546875 0.70859375 0.10625 0.03125
3 0.63515625 0.6453125 0.14375 0.065625
6 0.4296875 0.88125 0.1171875 0.04375
6 0.4046875 0.91953125 0.1109375 0.03125
4 0.55625 0.2109375 0.0328125 0.0234375