6 0.35625 0.3609375 0.065625 0.103125
6 0.30859375 0.575 0.08125 0.1296875
6 0.57421875 0.72421875 0.10625 0.1859375
6 0.60859375 0.62421875 0.0921875 0.1703125
6 0.48203125 0.5328125 0.06875 0.128125
6 0.39921875 0.453125 0.0625 0.11875
6 0.41875 0.38359375 0.053125 0.1078125
6 0.434375 0.43125 0.0625 0.1078125
6 0.5078125 0.36953125 0.0578125 0.10625
6 0.55 0.4140625 0.0625 0.10625
6 0.71875 0.3859375 0.0609375 0.121875
3 0.66640625 0.5140625 0.0796875 0.15
6 0.54609375 0.38046875 0.0546875 0.0984375
4 0.4828125 0.4578125 0.03125 0.0453125
5 0.80859375 0.24921875 0.0640625 0.1
6 0.96875 0.4390625 0.0625 0.14375
6 0.96328125 0.37265625 0.0734375 0.1484375
6 0.95390625 0.33828125 0.0734375 0.134375