6 0.79140625 0.93125 0.1375 0.0359375
6 0.81171875 0.5109375 0.128125 0.0265625
6 0.73828125 0.6078125 0.140625 0.046875
6 0.53828125 0.78671875 0.0859375 0.0375
6 0.57421875 0.72265625 0.08125 0.015625
6 0.59296875 0.70625 0.0828125 0.021875
6 0.58046875 0.6890625 0.084375 0.0265625
6 0.62265625 0.65078125 0.09375 0.025
6 0.546875 0.634375 0.090625 0.021875
6 0.596875 0.6203125 0.0828125 0.0265625
6 0.6 0.5890625 0.1 0.0171875
6 0.58984375 0.55546875 0.103125 0.0125
6 0.61640625 0.540625 0.09375 0.021875
6 0.6234375 0.45859375 0.09375 0.01875
5 0.5796875 0.5015625 0.0890625 0.0234375
3 0.63984375 0.86796875 0.0953125 0.025