5 0.24296875 0.7921875 0.121875 0.0265625
4 0.703125 0.296875 0.03125 0.0125
6 0.65078125 0.27578125 0.1125 0.025
6 0.57421875 0.2984375 0.09375 0.0375
6 0.55 0.31484375 0.09375 0.03125
6 0.65390625 0.31953125 0.140625 0.028125
6 0.53828125 0.38984375 0.146875 0.034375
6 0.66953125 0.41015625 0.171875 0.046875
6 0.58984375 0.50390625 0.15 0.046875
6 0.5390625 0.615625 0.134375 0.034375
6 0.378125 0.76953125 0.11875 0.034375
6 0.51796875 0.81484375 0.134375 0.03125
3 0.571875 0.909375 0.1375 0.028125
6 0.27421875 0.96875 0.134375 0.0296875