3 0.6890625 0.32109375 0.1078125 0.046875
3 0.15 0.63671875 0.1953125 0.0859375
5 0.46328125 0.66875 0.1203125 0.0609375
6 0.4765625 0.30546875 0.1328125 0.078125
6 0.57265625 0.0484375 0.1375 0.0625
6 0.55703125 0.02734375 0.103125 0.0515625
6 0.603125 0.0234375 0.14375 0.046875
6 0.30859375 0.21484375 0.178125 0.084375
6 0.33125 0.284375 0.14375 0.0734375
6 0.31484375 0.32578125 0.1546875 0.078125
6 0.2921875 0.3640625 0.1515625 0.0859375
6 0.2125 0.3640625 0.1703125 0.096875
3 0.4171875 0.35234375 0.046875 0.040625