6 0.4453125 0.34921875 0.03125 0.1015625
3 0.7140625 0.5078125 0.034375 0.115625
6 0.6203125 0.3390625 0.0265625 0.0921875
6 0.240625 0.6875 0.0390625 0.153125
6 0.79609375 0.6328125 0.0390625 0.134375
6 0.6625 0.33125 0.025 0.08125
6 0.62734375 0.7765625 0.04375 0.15625
6 0.5390625 0.4453125 0.03125 0.109375
3 0.59140625 0.209375 0.0234375 0.0734375
6 0.2109375 0.47578125 0.03125 0.1203125
6 0.35234375 0.4171875 0.0296875 0.109375
6 0.6921875 0.30859375 0.0203125 0.0765625
6 0.86015625 0.41015625 0.028125 0.115625
4 0.68203125 0.35078125 0.0078125 0.015625