6 0.78671875 0.5875 0.046875 0.1296875
6 0.6734375 0.54765625 0.046875 0.078125
6 0.61015625 0.52265625 0.0484375 0.10625
6 0.309375 0.53515625 0.0515625 0.1234375
6 0.11796875 0.46328125 0.04375 0.1171875
6 0.228125 0.3640625 0.034375 0.0875
6 0.2984375 0.4359375 0.0515625 0.0859375
6 0.3375 0.4359375 0.04375 0.1125
6 0.4484375 0.4578125 0.046875 0.1078125
6 0.51875 0.50546875 0.04375 0.1125
6 0.04375 0.6640625 0.05 0.1078125
6 0.0171875 0.61171875 0.034375 0.1390625
6 0.33984375 0.52578125 0.046875 0.121875
3 0.04140625 0.4140625 0.0296875 0.1390625
5 0.521875 0.49296875 0.0390625 0.1234375