1 0.0953125 0.7734375 0.0859375 0.1796875
1 0.05390625 0.5640625 0.0625 0.1265625
1 0.2046875 0.509375 0.065625 0.1203125
1 0.31015625 0.5125 0.0515625 0.1125
1 0.31640625 0.47578125 0.0375 0.0765625
1 0.33515625 0.53046875 0.05 0.0921875
1 0.425 0.5609375 0.06875 0.1296875
1 0.3890625 0.64140625 0.059375 0.11875
1 0.48515625 0.51875 0.0734375 0.1421875
1 0.6234375 0.47890625 0.06875 0.13125
1 0.70234375 0.5359375 0.071875 0.1625
1 0.7203125 0.5203125 0.0671875 0.1328125
1 0.79609375 0.5921875 0.0671875 0.1484375
1 0.58828125 0.921875 0.0796875 0.1453125
1 0.70546875 0.85546875 0.0859375 0.175
1 0.9265625 0.4125 0.0703125 0.1375