6 0.709375 0.8828125 0.14375 0.0671875
6 0.54453125 0.91484375 0.1390625 0.0578125
6 0.5546875 0.84453125 0.1484375 0.059375
6 0.3125 0.934375 0.1953125 0.0703125
6 0.7125 0.7921875 0.14375 0.059375
3 0.56484375 0.58203125 0.140625 0.0671875
6 0.653125 0.4609375 0.121875 0.0703125
6 0.51015625 0.37421875 0.1328125 0.0578125
6 0.3046875 0.39140625 0.1703125 0.06875
6 0.6984375 0.31953125 0.121875 0.0640625
6 0.68359375 0.26640625 0.11875 0.0421875
6 0.64375 0.2546875 0.1328125 0.0609375
6 0.575 0.17890625 0.1578125 0.0765625
6 0.5625 0.1359375 0.14375 0.0671875
6 0.51953125 0.078125 0.1796875 0.0671875
4 0.6640625 0.41015625 0.0609375 0.0421875