6 0.6734375 0.553125 0.103125 0.059375
6 0.63984375 0.6578125 0.10625 0.05
6 0.540625 0.49375 0.109375 0.071875
6 0.415625 0.4109375 0.1140625 0.0609375
6 0.24609375 0.50546875 0.140625 0.075
6 0.48828125 0.39921875 0.1203125 0.0671875
6 0.72265625 0.68125 0.1109375 0.065625
6 0.81640625 0.759375 0.109375 0.0578125
6 0.75390625 0.86484375 0.1203125 0.0609375
6 0.73515625 0.809375 0.121875 0.0640625
6 0.44296875 0.3546875 0.125 0.075
6 0.67890625 0.64921875 0.0921875 0.0625
4 0.6125 0.53359375 0.021875 0.01875
5 0.51640625 0.2421875 0.109375 0.0734375