6 0.28671875 0.53515625 0.134375 0.034375
6 0.3125 0.0484375 0.1390625 0.053125
6 0.60859375 0.25859375 0.1109375 0.0296875
6 0.58125 0.18125 0.1109375 0.0234375
6 0.56484375 0.62734375 0.096875 0.0375
6 0.621875 0.50234375 0.1 0.040625
6 0.6078125 0.4453125 0.103125 0.0375
6 0.69453125 0.44140625 0.09375 0.0375
6 0.68671875 0.3859375 0.090625 0.034375
6 0.753125 0.34296875 0.08125 0.034375
6 0.70390625 0.3265625 0.075 0.025
6 0.4734375 0.75625 0.109375 0.03125
6 0.55078125 0.74375 0.096875 0.0375
6 0.5078125 0.7703125 0.109375 0.0375
4 0.665625 0.3125 0.0203125 0.0125
5 0.61640625 0.9046875 0.128125 0.0265625