4 0.5390625 0.684375 0.03125 0.0296875
6 0.61328125 0.1609375 0.096875 0.034375
6 0.91875 0.190625 0.134375 0.05625
6 0.896875 0.06875 0.146875 0.059375
6 0.64453125 0.0296875 0.11875 0.0390625
6 0.43828125 0.1734375 0.0859375 0.034375
6 0.42265625 0.37734375 0.0671875 0.028125
6 0.325 0.44296875 0.0765625 0.025
6 0.253125 0.42578125 0.08125 0.0234375
6 0.4921875 0.5078125 0.109375 0.028125
6 0.46171875 0.55078125 0.0765625 0.034375
6 0.6796875 0.3703125 0.1125 0.0328125
6 0.7046875 0.48125 0.13125 0.0296875
6 0.79375 0.6546875 0.1203125 0.0375
6 0.6375 0.60390625 0.1125 0.03125
6 0.71171875 0.759375 0.1125 0.05
3 0.48359375 0.3609375 0.1015625 0.0375
3 0.878125 0.74296875 0.103125 0.053125