6 0.29140625 0.75625 0.065625 0.1421875
6 0.27578125 0.6171875 0.040625 0.1234375
6 0.4140625 0.4828125 0.0609375 0.1265625
6 0.51328125 0.41640625 0.046875 0.1109375
6 0.57265625 0.33984375 0.034375 0.1046875
3 0.60390625 0.15703125 0.034375 0.08125
6 0.63828125 0.484375 0.0296875 0.1109375
6 0.52890625 0.54140625 0.0359375 0.1265625
3 0.7953125 0.5265625 0.0390625 0.1078125
6 0.8578125 0.32734375 0.053125 0.1296875
6 0.7140625 0.29609375 0.046875 0.1109375
6 0.9296875 0.31640625 0.0375 0.1140625
6 0.60390625 0.5 0.0390625 0.1109375
4 0.55390625 0.54921875 0.0203125 0.05