4 0.440625 0.1671875 0.025 0.0171875
6 0.49140625 0.18984375 0.1046875 0.046875
6 0.4890625 0.20859375 0.1109375 0.0484375
6 0.446875 0.31640625 0.121875 0.0640625
6 0.42421875 0.3625 0.134375 0.0609375
6 0.26484375 0.44296875 0.153125 0.06875
6 0.48046875 0.58046875 0.128125 0.0625
6 0.43125 0.6328125 0.1484375 0.0703125
6 0.3359375 0.6625 0.1453125 0.0671875
3 0.3484375 0.8328125 0.13125 0.05625
6 0.44375 0.83515625 0.1203125 0.0578125
6 0.5296875 0.7890625 0.125 0.05625
5 0.61796875 0.8546875 0.0953125 0.040625
6 0.55859375 0.9828125 0.1140625 0.034375