6 0.6671875 0.55078125 0.040625 0.109375
6 0.09609375 0.7046875 0.0515625 0.1375
6 0.16640625 0.57734375 0.0546875 0.1125
6 0.2828125 0.5546875 0.0625 0.1140625
6 0.415625 0.5078125 0.0484375 0.1265625
6 0.434375 0.48359375 0.0515625 0.103125
6 0.56796875 0.54296875 0.0578125 0.0609375
6 0.61796875 0.5625 0.0640625 0.053125
6 0.22578125 0.4609375 0.0515625 0.109375
6 0.059375 0.53515625 0.046875 0.1125
6 0.171875 0.44609375 0.03125 0.1015625
6 0.26171875 0.4609375 0.0390625 0.1015625
5 0.5296875 0.4421875 0.0515625 0.15625
3 0.02265625 0.4734375 0.0375 0.11875