5 0.5765625 0.59609375 0.0828125 0.046875
6 0.3796875 0.7515625 0.1328125 0.0546875
6 0.428125 0.7015625 0.1015625 0.0546875
6 0.35 0.6890625 0.128125 0.065625
6 0.4296875 0.421875 0.1265625 0.05625
6 0.4609375 0.4828125 0.1359375 0.0609375
6 0.53203125 0.5484375 0.1078125 0.05625
6 0.57890625 0.43671875 0.103125 0.040625
6 0.58828125 0.40546875 0.0984375 0.0359375
6 0.528125 0.35546875 0.1078125 0.046875
6 0.63984375 0.2359375 0.1078125 0.05
6 0.57421875 0.19921875 0.1203125 0.0546875
6 0.68125 0.059375 0.1046875 0.0453125
6 0.65 0.02890625 0.1046875 0.0375
3 0.44921875 0.12734375 0.153125 0.0765625