1 0.4703125 0.884375 0.05 0.14375
1 0.5328125 0.84453125 0.053125 0.1078125
1 0.58828125 0.76953125 0.05 0.1015625
1 0.63671875 0.83203125 0.046875 0.134375
1 0.678125 0.80625 0.0609375 0.1140625
1 0.6890625 0.90859375 0.0578125 0.15
1 0.7359375 0.8078125 0.0390625 0.115625
1 0.7546875 0.86953125 0.0453125 0.1328125
1 0.76875 0.83125 0.0390625 0.1140625
1 0.88125 0.90234375 0.0453125 0.096875
1 0.875 0.74296875 0.0421875 0.1265625
1 0.91640625 0.78359375 0.0421875 0.109375
1 0.91484375 0.6765625 0.05 0.121875
1 0.93046875 0.70703125 0.025 0.05625
1 0.3828125 0.70703125 0.0640625 0.0609375