6 0.728125 0.60546875 0.0828125 0.0828125
6 0.65 0.61484375 0.0859375 0.0484375
5 0.6453125 0.5234375 0.065625 0.065625
6 0.634375 0.48515625 0.096875 0.096875
4 0.62421875 0.496875 0.0140625 0.0140625
6 0.56484375 0.45234375 0.065625 0.0671875
6 0.62578125 0.41328125 0.0765625 0.078125
6 0.671875 0.39609375 0.09375 0.0921875
6 0.57109375 0.3984375 0.0734375 0.075
6 0.565625 0.246875 0.0796875 0.078125
6 0.634375 0.1828125 0.1234375 0.0546875
6 0.8421875 0.06015625 0.115625 0.115625
3 0.38671875 0.11875 0.05 0.05