6 0.07265625 0.15703125 0.0546875 0.1328125
6 0.03125 0.38359375 0.0421875 0.1171875
6 0.17734375 0.49296875 0.0421875 0.1046875
6 0.26796875 0.3390625 0.05 0.1328125
6 0.33125 0.47265625 0.0703125 0.1421875
6 0.38125 0.54140625 0.040625 0.1109375
6 0.32890625 0.65703125 0.034375 0.0921875
6 0.52421875 0.51015625 0.05 0.09375
6 0.48203125 0.57734375 0.0453125 0.1109375
6 0.378125 0.63203125 0.04375 0.09375
6 0.61953125 0.38515625 0.0453125 0.15
6 0.72265625 0.34375 0.0515625 0.16875
6 0.575 0.25625 0.0578125 0.134375
6 0.5734375 0.3265625 0.040625 0.1109375
6 0.65 0.43828125 0.053125 0.1203125
5 0.88828125 0.509375 0.0625 0.128125
3 0.2359375 0.471875 0.0609375 0.121875