5 0.91953125 0.47265625 0.065625 0.065625
3 0.3640625 0.346875 0.0453125 0.096875
6 0.8171875 0.25546875 0.0625 0.0625
6 0.77421875 0.33203125 0.04375 0.0765625
6 0.64140625 0.421875 0.065625 0.0640625
6 0.65390625 0.2703125 0.065625 0.1203125
6 0.57890625 0.31328125 0.04375 0.0875
6 0.45703125 0.40234375 0.059375 0.1078125
6 0.41875 0.43828125 0.0390625 0.1109375
6 0.47578125 0.525 0.0390625 0.040625
6 0.31171875 0.54140625 0.04375 0.04375
6 0.32578125 0.41015625 0.0609375 0.0625
6 0.24765625 0.29609375 0.0359375 0.1203125
6 0.146875 0.19609375 0.090625 0.090625
6 0.153125 0.31796875 0.084375 0.0859375
6 0.10703125 0.40859375 0.084375 0.084375
6 0.053125 0.38828125 0.046875 0.1
6 0.16875 0.490625 0.0375 0.0625
4 0.71875 0.246875 0.01875 0.0203125
6 0.73671875 0.23203125 0.090625 0.0875