3 0.14140625 0.49375 0.040625 0.1296875
6 0.5203125 0.52421875 0.0421875 0.1140625
6 0.090625 0.6984375 0.0484375 0.16875
6 0.19296875 0.42890625 0.0390625 0.13125
6 0.7421875 0.64453125 0.046875 0.153125
6 0.5953125 0.4375 0.0421875 0.1359375
6 0.4578125 0.503125 0.0453125 0.1203125
5 0.75 0.2859375 0.0453125 0.1046875
6 0.4203125 0.5265625 0.040625 0.1328125
6 0.55546875 0.45390625 0.0375 0.1328125
6 0.29296875 0.38828125 0.0375 0.1296875
6 0.37265625 0.37421875 0.0328125 0.1140625
6 0.49453125 0.4578125 0.0421875 0.1203125
6 0.1828125 0.33046875 0.0359375 0.1046875
4 0.340625 0.3796875 0.0390625 0.1328125