5 0.33359375 0.590625 0.0921875 0.0953125
3 0.37109375 0.88125 0.1 0.225
6 0.48203125 0.71328125 0.065625 0.1203125
6 0.490625 0.83046875 0.109375 0.1953125
6 0.55546875 0.78984375 0.1015625 0.171875
6 0.54296875 0.69765625 0.0859375 0.1671875
6 0.6515625 0.66796875 0.0671875 0.165625
6 0.6421875 0.54609375 0.0453125 0.13125
6 0.7171875 0.66015625 0.0828125 0.1703125
6 0.984375 0.640625 0.03125 0.159375
6 0.98203125 0.5390625 0.0359375 0.0875
6 0.9828125 0.48671875 0.034375 0.0734375
4 0.17265625 0.63984375 0.028125 0.0671875