4 0.534375 0.28671875 0.0390625 0.04375
6 0.46015625 0.22421875 0.071875 0.140625
6 0.2828125 0.23515625 0.06875 0.128125
6 0.275 0.3125 0.0734375 0.1390625
3 0.35859375 0.3484375 0.075 0.1421875
6 0.3078125 0.559375 0.1015625 0.18125
6 0.50859375 0.48046875 0.071875 0.1453125
6 0.471875 0.28984375 0.0625 0.1109375
6 0.50546875 0.275 0.0578125 0.1125
6 0.5703125 0.29609375 0.0546875 0.1015625
6 0.553125 0.35546875 0.0859375 0.134375
6 0.609375 0.42890625 0.065625 0.1390625
6 0.625 0.6765625 0.0859375 0.165625
6 0.74765625 0.453125 0.06875 0.128125
6 0.7578125 0.5484375 0.0828125 0.140625
6 0.803125 0.52265625 0.084375 0.1609375
6 0.83515625 0.534375 0.0921875 0.1625
6 0.89765625 0.659375 0.0796875 0.153125
6 0.94765625 0.6953125 0.078125 0.1640625
6 0.78359375 0.8171875 0.103125 0.1921875