1 0.10859375 0.7171875 0.0515625 0.1328125
1 0.09609375 0.61875 0.05 0.1046875
1 0.490625 0.73828125 0.0546875 0.1453125
1 0.46015625 0.74921875 0.059375 0.1359375
1 0.3875 0.76484375 0.053125 0.1140625
1 0.3640625 0.75078125 0.0515625 0.1390625
1 0.52421875 0.77421875 0.053125 0.11875
1 0.2140625 0.74765625 0.0671875 0.1375
1 0.1640625 0.73515625 0.0625 0.1171875
1 0.12734375 0.6671875 0.05 0.1015625
1 0.1859375 0.6359375 0.04375 0.1109375
1 0.17421875 0.64609375 0.0421875 0.1265625
1 0.48671875 0.63203125 0.0734375 0.1265625
1 0.79609375 0.49765625 0.06875 0.128125