6 0.5328125 0.64921875 0.1578125 0.0625
6 0.65625 0.778125 0.1921875 0.096875
6 0.70234375 0.8671875 0.190625 0.1125
6 0.64609375 0.44921875 0.1515625 0.0578125
6 0.621875 0.42109375 0.1515625 0.0578125
6 0.66171875 0.396875 0.1515625 0.08125
6 0.5171875 0.3953125 0.1171875 0.04375
6 0.5046875 0.3703125 0.1390625 0.0640625
6 0.5265625 0.33828125 0.15 0.075
6 0.4875 0.53203125 0.1109375 0.0546875
6 0.5703125 0.5578125 0.15 0.078125
6 0.51640625 0.60078125 0.153125 0.0609375
6 0.53046875 0.64921875 0.1703125 0.0765625
5 0.62578125 0.70546875 0.1390625 0.084375
3 0.7375 0.5171875 0.178125 0.09375
4 0.46015625 0.91796875 0.03125 0.01875