3 0.04375 0.53125 0.0640625 0.1421875
6 0.1171875 0.409375 0.0734375 0.15625
6 0.23046875 0.3296875 0.0609375 0.1234375
6 0.28046875 0.3171875 0.0578125 0.1421875
6 0.325 0.33203125 0.0734375 0.134375
6 0.296875 0.49765625 0.0859375 0.140625
6 0.2875 0.6625 0.075 0.1546875
6 0.4203125 0.38203125 0.0703125 0.15
6 0.4484375 0.3625 0.0765625 0.146875
6 0.528125 0.3671875 0.0578125 0.11875
6 0.6265625 0.41796875 0.0609375 0.115625
6 0.746875 0.45625 0.0796875 0.109375
4 0.6875 0.49375 0.0328125 0.0328125
5 0.95859375 0.3140625 0.0484375 0.1125