3 0.4046875 0.45390625 0.05625 0.2171875
6 0.10703125 0.759375 0.05625 0.228125
6 0.63125 0.68828125 0.0671875 0.215625
6 0.9171875 0.41484375 0.04375 0.1828125
6 0.84921875 0.3921875 0.0453125 0.1421875
6 0.81328125 0.3859375 0.040625 0.1484375
6 0.72109375 0.33671875 0.046875 0.1546875
6 0.5234375 0.33515625 0.0578125 0.1265625
6 0.61875 0.46171875 0.0546875 0.1265625
6 0.18671875 0.32578125 0.05 0.1265625
6 0.09375 0.32734375 0.0734375 0.1296875
6 0.0921875 0.49375 0.0625 0.1546875
6 0.1578125 0.496875 0.05625 0.1546875
6 0.64375 0.2734375 0.0484375 0.1515625