6 0.32578125 0.5625 0.071875 0.1171875
6 0.3796875 0.72265625 0.0671875 0.128125
6 0.50703125 0.746875 0.06875 0.140625
6 0.39296875 0.65546875 0.065625 0.121875
6 0.28984375 0.671875 0.071875 0.11875
6 0.18359375 0.6796875 0.059375 0.090625
6 0.046875 0.6890625 0.0484375 0.1078125
6 0.16328125 0.7359375 0.0484375 0.0953125
6 0.1171875 0.6171875 0.0484375 0.1015625
6 0.14921875 0.64140625 0.0453125 0.0875
6 0.1734375 0.58203125 0.0453125 0.0875
5 0.70546875 0.3953125 0.05625 0.1125
3 0.18359375 0.509375 0.0625 0.10625
4 0.4421875 0.575 0.0140625 0.015625
6 0.1171875 0.56953125 0.04375 0.096875