6 0.59765625 0.3734375 0.196875 0.10625
6 0.6875 0.55546875 0.16875 0.0828125
6 0.5578125 0.746875 0.1625 0.0734375
6 0.6390625 0.64296875 0.1875 0.0765625
6 0.52734375 0.62109375 0.1328125 0.0703125
6 0.48984375 0.55546875 0.121875 0.05
6 0.58671875 0.5546875 0.121875 0.0609375
6 0.54140625 0.1671875 0.1859375 0.0625
6 0.34921875 0.01875 0.1734375 0.0375
6 0.42265625 0.2078125 0.171875 0.0765625
6 0.5109375 0.7109375 0.1609375 0.065625
5 0.29296875 0.15234375 0.1453125 0.0671875
4 0.5703125 0.640625 0.05 0.0296875