1 0.30546875 0.578125 0.0265625 0.109375
1 0.2625 0.8796875 0.04375 0.1375
1 0.3359375 0.50625 0.0359375 0.0953125
1 0.36875 0.55 0.0375 0.0859375
1 0.39765625 0.42421875 0.03125 0.078125
1 0.45078125 0.3515625 0.028125 0.05625
1 0.44609375 0.30859375 0.025 0.04375
1 0.55234375 0.70234375 0.0328125 0.1109375
1 0.6734375 0.83984375 0.0375 0.125
1 0.71875 0.58203125 0.0359375 0.1078125
1 0.7234375 0.39765625 0.0296875 0.0828125
1 0.7671875 0.378125 0.0296875 0.09375
1 0.8546875 0.40078125 0.028125 0.1140625
1 0.77265625 0.57421875 0.0328125 0.1046875
1 0.74765625 0.8671875 0.0390625 0.1125
1 0.9890625 0.48046875 0.021875 0.0859375