5 0.55390625 0.1515625 0.0875 0.040625
6 0.36328125 0.3265625 0.0625 0.0171875
6 0.38671875 0.36171875 0.09375 0.0296875
6 0.46484375 0.47890625 0.0828125 0.0234375
6 0.56953125 0.40078125 0.06875 0.0171875
6 0.64453125 0.39453125 0.05625 0.0140625
6 0.6 0.409375 0.05 0.01875
6 0.671875 0.403125 0.0578125 0.0171875
6 0.7109375 0.56484375 0.046875 0.0265625
3 0.53046875 0.575 0.0734375 0.01875
6 0.4703125 0.646875 0.0828125 0.034375
6 0.47734375 0.5859375 0.0703125 0.0171875
6 0.16328125 0.5078125 0.115625 0.03125
6 0.1421875 0.63828125 0.103125 0.04375
6 0.26484375 0.7390625 0.1171875 0.03125
6 0.0953125 0.77265625 0.1078125 0.034375
6 0.2515625 0.8921875 0.0890625 0.0296875
6 0.47265625 0.8203125 0.0640625 0.0390625
6 0.6875 0.659375 0.0546875 0.015625
6 0.4921875 0.69609375 0.0609375 0.0125
4 0.45078125 0.7046875 0.021875 0.0109375
4 0.50078125 0.853125 0.078125 0.025