6 0.103125 0.75390625 0.1109375 0.1671875
6 0.146875 0.65703125 0.0765625 0.1453125
6 0.14296875 0.58046875 0.053125 0.115625
6 0.17265625 0.43046875 0.08125 0.1203125
6 0.4546875 0.6265625 0.0828125 0.125
6 0.6796875 0.60390625 0.1328125 0.240625
6 0.68359375 0.81328125 0.0875 0.15625
6 0.4875 0.48984375 0.075 0.0796875
6 0.46015625 0.409375 0.0671875 0.125
6 0.4328125 0.409375 0.05625 0.1015625
6 0.39765625 0.45703125 0.078125 0.1140625
6 0.39296875 0.5453125 0.0609375 0.1171875
6 0.34765625 0.4734375 0.0765625 0.1453125
6 0.3203125 0.5046875 0.0828125 0.1640625
6 0.35390625 0.62734375 0.0625 0.090625
3 0.3921875 0.71796875 0.065625 0.128125
6 0.965625 0.44765625 0.06875 0.1671875
5 0.58984375 0.37890625 0.115625 0.1296875