6 0.4375 0.64140625 0.0515625 0.1609375
6 0.10625 0.54453125 0.0484375 0.140625
6 0.36640625 0.521875 0.0359375 0.1421875
6 0.32734375 0.453125 0.040625 0.1265625
6 0.353125 0.40859375 0.040625 0.128125
6 0.4125 0.41171875 0.0359375 0.1296875
6 0.509375 0.38203125 0.0421875 0.1484375
6 0.5453125 0.3390625 0.04375 0.13125
6 0.66640625 0.278125 0.0390625 0.0984375
6 0.63125 0.54140625 0.0421875 0.140625
6 0.77734375 0.42578125 0.0484375 0.13125
6 0.86328125 0.3546875 0.0375 0.1234375
6 0.80234375 0.3359375 0.0453125 0.1171875
6 0.76640625 0.25 0.0375 0.0984375
6 0.75859375 0.36875 0.034375 0.1109375
3 0.621875 0.46953125 0.0375 0.1046875
5 0.1625 0.34296875 0.034375 0.0953125
3 0.38828125 0.20546875 0.0296875 0.0796875
3 0.8640625 0.13828125 0.025 0.071875