1 0.07265625 0.78203125 0.059375 0.1390625
1 0.17265625 0.775 0.0625 0.1546875
1 0.09296875 0.54453125 0.0515625 0.109375
1 0.19140625 0.54140625 0.0546875 0.115625
1 0.2484375 0.53046875 0.0609375 0.1078125
1 0.446875 0.74921875 0.05625 0.134375
1 0.3390625 0.9671875 0.071875 0.065625
1 0.4734375 0.703125 0.078125 0.128125
1 0.53515625 0.80703125 0.0625 0.140625
1 0.5796875 0.61796875 0.05625 0.1265625
1 0.74765625 0.68828125 0.053125 0.10625
1 0.8015625 0.70390625 0.0625 0.128125
1 0.56484375 0.39296875 0.05 0.1