3 0.946875 0.2828125 0.0375 0.109375
6 0.88984375 0.19375 0.0328125 0.096875
6 0.75625 0.4296875 0.0390625 0.1
6 0.69453125 0.3484375 0.0515625 0.121875
6 0.44453125 0.534375 0.0515625 0.109375
6 0.38125 0.46953125 0.034375 0.1046875
6 0.46015625 0.36484375 0.0359375 0.125
6 0.496875 0.3109375 0.0375 0.0984375
6 0.5671875 0.27578125 0.0296875 0.1140625
6 0.5515625 0.25859375 0.03125 0.0984375
6 0.37109375 0.4203125 0.0359375 0.0859375
5 0.39453125 0.365625 0.0375 0.1109375
4 0.290625 0.340625 0.0140625 0.025