6 0.87109375 0.6671875 0.06875 0.1375
6 0.74296875 0.48046875 0.053125 0.109375
6 0.66875 0.4484375 0.0484375 0.10625
6 0.625 0.434375 0.053125 0.109375
6 0.57578125 0.48359375 0.0625 0.1234375
6 0.37578125 0.7203125 0.078125 0.184375
6 0.525 0.38125 0.046875 0.103125
6 0.59296875 0.40625 0.05625 0.1109375
6 0.45 0.34921875 0.0453125 0.1015625
6 0.42734375 0.378125 0.0375 0.0734375
6 0.4046875 0.4296875 0.05 0.078125
6 0.38046875 0.49921875 0.0578125 0.128125
3 0.42734375 0.25546875 0.0390625 0.0765625
3 0.190625 0.4375 0.0734375 0.14375
6 0.115625 0.45703125 0.0640625 0.1546875
6 0.0890625 0.334375 0.0546875 0.11875
6 0.0359375 0.46796875 0.071875 0.1546875
6 0.3828125 0.2859375 0.0328125 0.0765625