6 0.5890625 0.23671875 0.1453125 0.040625
6 0.37578125 0.34921875 0.175 0.0515625
3 0.596875 0.34296875 0.13125 0.0265625
6 0.66953125 0.30390625 0.13125 0.0421875
6 0.72578125 0.39453125 0.1 0.03125
6 0.67421875 0.39921875 0.0859375 0.0546875
6 0.74375 0.4734375 0.0984375 0.0515625
6 0.68984375 0.5109375 0.1203125 0.046875
6 0.6640625 0.46875 0.1203125 0.0296875
6 0.5984375 0.60234375 0.134375 0.01875
6 0.54921875 0.540625 0.1359375 0.0234375
6 0.35703125 0.6640625 0.1640625 0.040625
6 0.25390625 0.91015625 0.175 0.0390625
6 0.45625 0.93359375 0.1609375 0.0359375
6 0.446875 0.9875 0.165625 0.025
6 0.546875 0.828125 0.14375 0.0421875
6 0.58046875 0.81328125 0.10625 0.03125
6 0.534375 0.76328125 0.15 0.034375
6 0.61640625 0.72890625 0.134375 0.034375