6 0.90859375 0.734375 0.1828125 0.096875
6 0.80859375 0.1015625 0.21875 0.1
6 0.6046875 0.6078125 0.165625 0.0765625
6 0.5125 0.446875 0.1234375 0.0546875
6 0.38984375 0.365625 0.1640625 0.0796875
6 0.496875 0.11171875 0.175 0.0796875
6 0.23359375 0.10390625 0.1484375 0.08125
6 0.40234375 0.10234375 0.1484375 0.0625
6 0.48671875 0.57734375 0.1296875 0.0640625
4 0.50078125 0.61796875 0.025 0.01875
5 0.39375 0.68203125 0.115625 0.0703125
6 0.37734375 0.225 0.146875 0.059375
3 0.621875 0.4421875 0.1578125 0.0734375