6 0.83671875 0.56796875 0.05625 0.1109375
6 0.63359375 0.51875 0.0578125 0.109375
6 0.5 0.53125 0.0546875 0.1109375
6 0.52734375 0.46328125 0.04375 0.0890625
6 0.54375 0.51015625 0.0515625 0.103125
6 0.92421875 0.5171875 0.0453125 0.0875
6 0.74921875 0.51328125 0.0515625 0.103125
6 0.87265625 0.82734375 0.071875 0.1453125
6 0.3984375 0.40390625 0.046875 0.096875
3 0.34375 0.33203125 0.0421875 0.0734375
6 0.44765625 0.478125 0.0546875 0.109375
5 0.2859375 0.38671875 0.05 0.0953125
3 0.778125 0.60234375 0.05 0.0953125
6 0.45078125 0.39453125 0.0453125 0.084375
6 0.75859375 0.67265625 0.059375 0.1171875
6 0.42578125 0.46171875 0.04375 0.096875