6 0.0921875 0.46015625 0.0640625 0.1515625
6 0.20078125 0.41640625 0.0484375 0.1625
6 0.27265625 0.396875 0.0421875 0.153125
6 0.1734375 0.3328125 0.0515625 0.128125
6 0.43046875 0.52578125 0.0984375 0.16875
6 0.540625 0.5796875 0.0484375 0.1625
6 0.5609375 0.78046875 0.0484375 0.1671875
6 0.62578125 0.5125 0.04375 0.175
6 0.021875 0.22109375 0.0234375 0.15
6 0.83984375 0.4609375 0.0625 0.1296875
6 0.81015625 0.425 0.0484375 0.128125
5 0.44453125 0.33203125 0.03125 0.178125
4 0.82421875 0.52890625 0.0234375 0.034375