6 0.646875 0.0828125 0.115625 0.0671875
6 0.37421875 0.184375 0.1734375 0.090625
6 0.3015625 0.253125 0.128125 0.128125
6 0.115625 0.1125 0.1078125 0.084375
6 0.5546875 0.36484375 0.1265625 0.071875
6 0.428125 0.37109375 0.1171875 0.1171875
6 0.5671875 0.45390625 0.0953125 0.0953125
6 0.47578125 0.49375 0.1015625 0.1046875
6 0.5578125 0.4796875 0.0890625 0.0890625
6 0.47734375 0.5890625 0.1046875 0.10625
6 0.2984375 0.625 0.084375 0.084375
6 0.42890625 0.67578125 0.1046875 0.0640625
6 0.33203125 0.7375 0.09375 0.0953125
6 0.3421875 0.79375 0.1046875 0.103125
3 0.51953125 0.27578125 0.096875 0.0953125