6 0.3984375 0.89609375 0.053125 0.1375
6 0.8171875 0.72890625 0.06875 0.15
6 0.17265625 0.57578125 0.0515625 0.10625
6 0.371875 0.45234375 0.0421875 0.08125
6 0.30859375 0.4203125 0.040625 0.0921875
6 0.3703125 0.36484375 0.04375 0.0859375
6 0.278125 0.30703125 0.0328125 0.078125
6 0.1140625 0.315625 0.04375 0.09375
6 0.5265625 0.3015625 0.0296875 0.0734375
6 0.53515625 0.178125 0.028125 0.0578125
6 0.65546875 0.33046875 0.034375 0.08125
6 0.69921875 0.4171875 0.0359375 0.090625
6 0.778125 0.29375 0.034375 0.084375
6 0.6453125 0.2125 0.03125 0.0703125
6 0.61875 0.18828125 0.0265625 0.05625
6 0.853125 0.17578125 0.0328125 0.0703125
6 0.9 0.25 0.03125 0.0796875
6 0.92109375 0.33671875 0.040625 0.09375
3 0.85 0.2640625 0.0328125 0.071875
4 0.2171875 0.54296875 0.015625 0.0234375