6 0.40546875 0.59609375 0.0625 0.165625
6 0.91640625 0.68515625 0.0828125 0.2015625
6 0.5 0.328125 0.0640625 0.1515625
6 0.43984375 0.3328125 0.0640625 0.15
5 0.42734375 0.85234375 0.0875 0.19375
6 0.82109375 0.40859375 0.0625 0.1640625
6 0.6609375 0.6390625 0.06875 0.1859375
6 0.82421875 0.728125 0.06875 0.171875
6 0.07109375 0.5921875 0.0625 0.171875
6 0.36328125 0.52421875 0.0640625 0.1546875
6 0.73125 0.6828125 0.08125 0.1921875
6 0.8546875 0.375 0.0578125 0.15
6 0.5046875 0.67421875 0.06875 0.1734375
6 0.784375 0.66796875 0.0609375 0.1796875
6 0.34609375 0.52578125 0.0453125 0.134375
6 0.0328125 0.5734375 0.0640625 0.19375
4 0.33828125 0.52578125 0.028125 0.0484375