6 0.4859375 0.97578125 0.06875 0.0484375
3 0.55703125 0.88203125 0.0734375 0.0734375
6 0.54140625 0.83515625 0.125 0.0359375
6 0.4625 0.7375 0.0703125 0.0703125
6 0.50390625 0.7046875 0.0671875 0.0671875
6 0.5421875 0.68203125 0.0703125 0.0734375
6 0.44375 0.6609375 0.1 0.03125
6 0.52109375 0.6515625 0.0671875 0.0671875
6 0.55234375 0.5609375 0.0640625 0.0671875
6 0.56953125 0.5265625 0.0671875 0.0703125
6 0.584375 0.50078125 0.0703125 0.06875
6 0.6140625 0.46484375 0.0703125 0.0703125
6 0.6984375 0.48515625 0.084375 0.0859375
6 0.6375 0.36015625 0.0859375 0.0859375
5 0.56328125 0.3734375 0.0609375 0.0640625