6 0.2375 0.8890625 0.1859375 0.184375
3 0.0375 0.57734375 0.0421875 0.1375
5 0.71796875 0.584375 0.0875 0.0890625
4 0.29921875 0.4984375 0.01875 0.0203125
6 0.2875 0.4578125 0.0328125 0.0984375
6 0.32109375 0.4578125 0.075 0.0765625
6 0.31953125 0.5484375 0.0578125 0.1359375
6 0.4296875 0.5140625 0.0875 0.0859375
6 0.38828125 0.61484375 0.10625 0.10625
6 0.45546875 0.6859375 0.0515625 0.1609375
6 0.446875 0.571875 0.0484375 0.13125
6 0.51328125 0.58046875 0.0796875 0.0796875
6 0.49921875 0.65 0.078125 0.078125
6 0.53046875 0.64375 0.1 0.1
6 0.5640625 0.61015625 0.0375 0.175
6 0.646875 0.684375 0.1171875 0.1171875
6 0.6765625 0.6359375 0.0453125 0.196875