6 0.0328125 0.7109375 0.065625 0.125
6 0.0296875 0.534375 0.059375 0.1
6 0.1296875 0.4578125 0.0640625 0.09375
6 0.11171875 0.36796875 0.096875 0.128125
6 0.1078125 0.259375 0.075 0.08125
6 0.21171875 0.4390625 0.0546875 0.096875
6 0.3625 0.215625 0.065625 0.0921875
6 0.37578125 0.40234375 0.0546875 0.0703125
6 0.259375 0.81171875 0.1234375 0.1765625
6 0.39453125 0.665625 0.09375 0.1390625
4 0.58984375 0.778125 0.0421875 0.0578125
6 0.503125 0.371875 0.0734375 0.0984375
6 0.4640625 0.23671875 0.0734375 0.1046875
6 0.590625 0.3703125 0.065625 0.09375
6 0.63671875 0.35859375 0.065625 0.0875
5 0.78203125 0.309375 0.025 0.0421875
3 0.82578125 0.66171875 0.0546875 0.0859375
6 0.65859375 0.78359375 0.0515625 0.0796875
6 0.68359375 0.8265625 0.0578125 0.1109375