6 0.21875 0.81015625 0.09375 0.0375
6 0.8875 0.86796875 0.15625 0.034375
6 0.603125 0.86171875 0.125 0.040625
6 0.440625 0.6421875 0.0984375 0.0296875
6 0.54140625 0.459375 0.1125 0.0359375
6 0.54765625 0.40078125 0.13125 0.0390625
6 0.44296875 0.86171875 0.115625 0.0328125
6 0.40703125 0.85625 0.0984375 0.0328125
6 0.33125 0.828125 0.1015625 0.034375
6 0.33203125 0.48984375 0.090625 0.0359375
6 0.27890625 0.36484375 0.0890625 0.0265625
6 0.19609375 0.35078125 0.0765625 0.0234375
6 0.29140625 0.29765625 0.0984375 0.025
6 0.18515625 0.8453125 0.06875 0.0234375
3 0.3953125 0.5984375 0.1015625 0.0359375
4 0.2578125 0.40546875 0.0171875 0.0125
6 0.32578125 0.13046875 0.103125 0.0359375