4 0.6046875 0.64609375 0.0296875 0.0421875
6 0.75390625 0.66953125 0.0390625 0.1390625
6 0.63515625 0.45703125 0.0390625 0.1515625
6 0.6015625 0.46953125 0.0515625 0.1453125
6 0.71171875 0.17421875 0.0515625 0.2171875
6 0.32421875 0.55234375 0.0390625 0.15
6 0.228125 0.6875 0.0359375 0.1171875
6 0.2203125 0.7140625 0.0359375 0.1234375
6 0.18359375 0.72578125 0.04375 0.1390625
6 0.02265625 0.653125 0.0375 0.1640625
6 0.159375 0.53046875 0.0421875 0.1453125
6 0.075 0.31484375 0.040625 0.1703125
6 0.1140625 0.253125 0.0515625 0.1765625
6 0.44609375 0.73359375 0.021875 0.1125
6 0.47421875 0.75 0.034375 0.0921875