6 0.959375 0.15859375 0.08125 0.0703125
6 0.85859375 0.17265625 0.1390625 0.0796875
3 0.61484375 0.36015625 0.10625 0.0640625
6 0.3890625 0.3765625 0.1203125 0.075
6 0.82109375 0.5046875 0.121875 0.0828125
6 0.54921875 0.79375 0.11875 0.0734375
6 0.575 0.65625 0.125 0.0765625
6 0.56875 0.6015625 0.140625 0.090625
6 0.46640625 0.4953125 0.15 0.0859375
6 0.3890625 0.5421875 0.1296875 0.0703125
6 0.296875 0.575 0.13125 0.0796875
6 0.4140625 0.58515625 0.1265625 0.08125
4 0.3203125 0.52734375 0.0453125 0.0421875
6 0.434375 0.70625 0.165625 0.1
6 0.32734375 0.7796875 0.1640625 0.0953125
6 0.290625 0.7046875 0.13125 0.08125