6 0.475 0.76484375 0.0671875 0.153125
6 0.18046875 0.52734375 0.0328125 0.1125
6 0.25 0.32890625 0.040625 0.096875
6 0.2828125 0.2484375 0.0375 0.0859375
6 0.34375 0.22734375 0.0296875 0.0796875
6 0.43828125 0.30703125 0.0375 0.1
6 0.36640625 0.24296875 0.034375 0.1078125
6 0.5125 0.459375 0.05 0.1296875
6 0.55859375 0.45625 0.04375 0.134375
6 0.49296875 0.6109375 0.0515625 0.10625
5 0.984375 0.41796875 0.03125 0.1140625
4 0.45546875 0.26328125 0.0171875 0.0265625
3 0.1421875 0.365625 0.0453125 0.109375