6 0.34453125 0.3953125 0.146875 0.0796875
6 0.2828125 0.36171875 0.1359375 0.0828125
6 0.55390625 0.67109375 0.115625 0.0703125
6 0.42578125 0.7328125 0.15 0.0828125
6 0.38828125 0.69453125 0.134375 0.0765625
6 0.87578125 0.11640625 0.065625 0.05625
3 0.24609375 0.2390625 0.1390625 0.078125
6 0.60078125 0.475 0.1578125 0.0828125
6 0.62265625 0.26796875 0.1796875 0.103125
6 0.64375 0.36328125 0.15625 0.078125
6 0.55390625 0.4046875 0.1125 0.065625
5 0.8 0.503125 0.1625 0.0921875
6 0.5453125 0.25078125 0.1578125 0.0859375
6 0.865625 0.046875 0.0484375 0.0546875
6 0.6296875 0.41640625 0.0984375 0.0546875
6 0.64765625 0.62734375 0.1671875 0.090625