6 0.31484375 0.49296875 0.04375 0.1125
6 0.30546875 0.6609375 0.0359375 0.1265625
6 0.4140625 0.73203125 0.0328125 0.140625
6 0.34296875 0.6046875 0.034375 0.11875
6 0.240625 0.58046875 0.04375 0.115625
6 0.1390625 0.5484375 0.0375 0.0859375
6 0.009375 0.5046875 0.01875 0.109375
6 0.09921875 0.5921875 0.0265625 0.0953125
6 0.1015625 0.46484375 0.0203125 0.103125
6 0.12109375 0.5 0.0234375 0.0875
6 0.1671875 0.45390625 0.025 0.0875
5 0.7296875 0.4796875 0.025 0.1125
3 0.203125 0.38984375 0.0359375 0.103125
4 0.41875 0.5484375 0.0109375 0.0140625
6 0.11953125 0.42109375 0.01875 0.0984375