6 0.11015625 0.3546875 0.1140625 0.0578125
6 0.378125 0.63984375 0.1265625 0.0640625
6 0.53671875 0.60625 0.125 0.059375
5 0.76484375 0.475 0.1296875 0.0796875
4 0.9421875 0.396875 0.046875 0.0296875
6 0.6953125 0.17265625 0.15 0.0765625
6 0.6921875 0.05390625 0.15625 0.071875
6 0.66640625 0.05234375 0.11875 0.0453125
6 0.50078125 0.4203125 0.14375 0.0734375
6 0.46484375 0.34921875 0.128125 0.0625
6 0.44609375 0.30546875 0.1234375 0.0546875
6 0.5125 0.25234375 0.14375 0.06875
6 0.55078125 0.2921875 0.1328125 0.0578125
6 0.6671875 0.2921875 0.1515625 0.0765625
6 0.1203125 0.13359375 0.078125 0.046875
3 0.49296875 0.03125 0.1359375 0.0625