5 0.36015625 0.4046875 0.1265625 0.0703125
6 0.359375 0.9015625 0.153125 0.0859375
6 0.9015625 0.6421875 0.16875 0.1296875
6 0.71953125 0.31875 0.1375 0.08125
6 0.71875 0.48203125 0.1484375 0.084375
6 0.61484375 0.44296875 0.1015625 0.065625
6 0.61640625 0.32578125 0.1453125 0.0828125
6 0.546875 0.3265625 0.103125 0.05625
4 0.59140625 0.35859375 0.053125 0.03125
6 0.56015625 0.52578125 0.1640625 0.0828125
6 0.37578125 0.59375 0.1390625 0.08125
6 0.28046875 0.69921875 0.15625 0.090625
6 0.178125 0.88828125 0.1359375 0.075
3 0.53046875 0.76484375 0.1703125 0.0984375
6 0.7140625 0.78671875 0.1734375 0.0859375
6 0.71171875 0.74375 0.18125 0.0953125
6 0.5078125 0.421875 0.134375 0.0875
6 0.5328125 0.4828125 0.134375 0.0625