3 0.2703125 0.5796875 0.0640625 0.18125
6 0.11640625 0.75625 0.0765625 0.2015625
6 0.3984375 0.384375 0.0484375 0.140625
6 0.47734375 0.509375 0.0609375 0.1453125
6 0.50390625 0.35 0.040625 0.1296875
6 0.53046875 0.353125 0.0421875 0.1421875
6 0.58515625 0.40390625 0.0515625 0.121875
6 0.60703125 0.3484375 0.046875 0.1046875
6 0.65234375 0.396875 0.0375 0.1
6 0.62421875 0.4453125 0.0515625 0.153125
6 0.6703125 0.53046875 0.0484375 0.1484375
6 0.715625 0.52890625 0.0453125 0.14375
6 0.7546875 0.51640625 0.05625 0.1546875