6 0.10703125 0.71953125 0.0375 0.1125
6 0.14375 0.63359375 0.0328125 0.096875
6 0.246875 0.7515625 0.0453125 0.103125
6 0.35078125 0.68671875 0.0609375 0.10625
6 0.38515625 0.61796875 0.05 0.065625
6 0.3 0.54375 0.053125 0.1015625
6 0.48828125 0.546875 0.0421875 0.0796875
6 0.446875 0.43828125 0.0328125 0.0703125
6 0.5125 0.50625 0.0359375 0.0734375
3 0.59609375 0.4109375 0.03125 0.0546875
6 0.59765625 0.5328125 0.0296875 0.0625
6 0.659375 0.65 0.0421875 0.075
6 0.7109375 0.46875 0.021875 0.05625
6 0.78125 0.52421875 0.040625 0.0734375
6 0.79609375 0.62734375 0.0359375 0.0625
6 0.83359375 0.7734375 0.040625 0.1046875
6 0.84453125 0.5453125 0.0296875 0.059375
6 0.89375 0.453125 0.0296875 0.0734375