6 0.33984375 0.75859375 0.1296875 0.0640625
6 0.31484375 0.67578125 0.1359375 0.0609375
6 0.184375 0.51484375 0.1359375 0.0609375
6 0.3515625 0.46640625 0.1140625 0.0546875
6 0.50078125 0.54296875 0.1078125 0.059375
6 0.46484375 0.43984375 0.1109375 0.0578125
6 0.246875 0.3734375 0.1234375 0.071875
6 0.58671875 0.64765625 0.1 0.05625
6 0.66328125 0.59609375 0.084375 0.040625
6 0.76015625 0.67890625 0.0765625 0.04375
6 0.428125 0.9921875 0.115625 0.015625
6 0.14140625 0.9890625 0.1078125 0.021875
3 0.5375 0.71796875 0.0875 0.04375
3 0.06796875 0.346875 0.1328125 0.0640625
4 0.284375 0.27578125 0.03125 0.0265625
5 0.45625 0.0578125 0.0828125 0.0421875