6 0.6609375 0.77578125 0.0703125 0.03125
5 0.646875 0.721875 0.0734375 0.034375
6 0.6515625 0.6515625 0.0859375 0.0328125
6 0.64921875 0.58671875 0.0890625 0.0359375
6 0.5984375 0.590625 0.0671875 0.0265625
6 0.5453125 0.6390625 0.0484375 0.01875
6 0.62578125 0.496875 0.075 0.0359375
6 0.6953125 0.47109375 0.084375 0.0421875
3 0.5984375 0.39765625 0.075 0.0359375
6 0.640625 0.278125 0.0796875 0.034375
3 0.47109375 0.45234375 0.05 0.021875
6 0.71640625 0.240625 0.10625 0.0484375
6 0.55234375 0.07109375 0.0765625 0.0328125
6 0.58515625 0.01328125 0.0953125 0.0265625
6 0.72890625 0.0390625 0.09375 0.046875
4 0.54140625 0.1 0.0203125 0.0125