1 0.51796875 0.171875 0.140625 0.025
1 0.46484375 0.36875 0.1359375 0.028125
1 0.5640625 0.36640625 0.1125 0.0265625
1 0.5984375 0.4890625 0.109375 0.028125
1 0.58515625 0.509375 0.1171875 0.021875
1 0.5828125 0.56328125 0.115625 0.03125
1 0.6203125 0.70234375 0.1109375 0.028125
1 0.6859375 0.64296875 0.10625 0.025
1 0.52578125 0.76171875 0.1296875 0.03125
1 0.384375 0.72421875 0.1453125 0.028125
1 0.45078125 0.8125 0.15 0.0203125
1 0.46640625 0.85859375 0.1296875 0.028125
1 0.57578125 0.9046875 0.1171875 0.0265625
0 0.49296875 0.39296875 0.03125 0.015625