6 0.528125 0.76953125 0.0640625 0.1578125
6 0.440625 0.58046875 0.0546875 0.1296875
6 0.353125 0.5 0.0578125 0.125
6 0.296875 0.51953125 0.0625 0.121875
6 0.51171875 0.3828125 0.05 0.0984375
6 0.7359375 0.35625 0.059375 0.1140625
6 0.77109375 0.39609375 0.04375 0.1125
6 0.78125 0.31484375 0.0484375 0.109375
5 0.4625 0.40703125 0.0625 0.103125
6 0.43359375 0.459375 0.0359375 0.10625
6 0.934375 0.31953125 0.0578125 0.125
6 0.915625 0.209375 0.0546875 0.1109375
6 0.96640625 0.3015625 0.0296875 0.10625
4 0.38984375 0.446875 0.0265625 0.0453125