6 0.2453125 0.64765625 0.0734375 0.1484375
6 0.24296875 0.565625 0.05625 0.1015625
6 0.37578125 0.634375 0.0890625 0.15
4 0.43671875 0.64609375 0.0390625 0.0546875
6 0.45625 0.53125 0.0765625 0.1296875
6 0.475 0.6890625 0.06875 0.153125
6 0.6171875 0.4984375 0.0640625 0.159375
6 0.515625 0.484375 0.0625 0.1359375
6 0.74921875 0.32265625 0.075 0.1515625
6 0.8234375 0.40546875 0.0546875 0.121875
6 0.91640625 0.1984375 0.075 0.15625
3 0.86875 0.50234375 0.0625 0.15625
5 0.76953125 0.1875 0.078125 0.1234375