6 0.44765625 0.10859375 0.071875 0.0703125
6 0.37109375 0.21875 0.103125 0.1015625
3 0.421875 0.13515625 0.078125 0.0796875
6 0.52890625 0.3265625 0.09375 0.0421875
6 0.53046875 0.35234375 0.0828125 0.0328125
6 0.51953125 0.38515625 0.0984375 0.034375
4 0.4984375 0.3640625 0.015625 0.0171875
6 0.4265625 0.4515625 0.1046875 0.0296875
6 0.25546875 0.69609375 0.1015625 0.1015625
6 0.40625 0.5953125 0.1140625 0.028125
6 0.3984375 0.6109375 0.08125 0.08125
6 0.3625 0.66484375 0.08125 0.0796875
6 0.3125 0.721875 0.0953125 0.0953125
6 0.36015625 0.71875 0.11875 0.040625
5 0.41796875 0.7296875 0.084375 0.084375