6 0.57734375 0.03671875 0.1296875 0.06875
6 0.675 0.06015625 0.11875 0.0609375
6 0.8859375 0.14375 0.125 0.059375
6 0.53671875 0.1875 0.1171875 0.0625
6 0.67265625 0.31875 0.1359375 0.0734375
6 0.4546875 0.54375 0.1109375 0.0640625
6 0.66484375 0.625 0.125 0.0625
6 0.53125 0.7125 0.1609375 0.0765625
6 0.61015625 0.77890625 0.159375 0.0875
6 0.39921875 0.484375 0.1 0.059375
6 0.37265625 0.39609375 0.1171875 0.065625
6 0.35703125 0.34609375 0.0859375 0.046875
6 0.5015625 0.38515625 0.0890625 0.0484375
5 0.415625 0.884375 0.15625 0.0921875
3 0.5484375 0.27890625 0.121875 0.08125
4 0.6859375 0.65625 0.0765625 0.0421875
6 0.38359375 0.43125 0.103125 0.059375
6 0.57578125 0.6625 0.1125 0.0625
6 0.715625 0.62890625 0.1171875 0.0609375