5 0.3109375 0.50859375 0.1109375 0.1140625
3 0.2171875 0.7859375 0.1546875 0.2328125
6 0.38984375 0.68359375 0.09375 0.128125
6 0.346875 0.79296875 0.1546875 0.209375
6 0.42265625 0.78515625 0.140625 0.1859375
6 0.45234375 0.696875 0.125 0.1765625
6 0.56328125 0.7171875 0.1078125 0.16875
6 0.60703125 0.60390625 0.078125 0.13125
6 0.625 0.7390625 0.1234375 0.1796875
6 0.8828125 0.84375 0.090625 0.159375
6 0.9203125 0.7484375 0.065625 0.0921875
6 0.940625 0.70078125 0.0546875 0.078125
4 0.14453125 0.48203125 0.04375 0.06875