4 0.253125 0.5515625 0.075 0.084375
6 0.79140625 0.57265625 0.075 0.1328125
6 0.76484375 0.57890625 0.0625 0.1046875
6 0.7359375 0.54140625 0.071875 0.121875
6 0.7046875 0.5015625 0.0671875 0.0953125
6 0.6515625 0.5515625 0.103125 0.1765625
5 0.675 0.61640625 0.1203125 0.196875
6 0.55859375 0.52578125 0.1484375 0.24375
6 0.56171875 0.48046875 0.1078125 0.1921875
6 0.4734375 0.58671875 0.23125 0.378125
6 0.5359375 0.4234375 0.0453125 0.0671875
6 0.34921875 0.35390625 0.04375 0.0796875
6 0.33984375 0.3421875 0.034375 0.0375
6 0.30859375 0.3421875 0.0515625 0.075
6 0.20703125 0.434375 0.153125 0.290625
6 0.14453125 0.44375 0.2359375 0.465625