6 0.278125 0.77265625 0.0875 0.0890625
6 0.315625 0.7078125 0.06875 0.06875
6 0.3484375 0.659375 0.065625 0.0625
6 0.43359375 0.534375 0.05 0.05
6 0.45859375 0.58515625 0.025 0.08125
6 0.4859375 0.53828125 0.0375 0.0921875
3 0.48828125 0.603125 0.0609375 0.0625
6 0.6109375 0.5546875 0.046875 0.04375
6 0.6515625 0.584375 0.05 0.05
6 0.621875 0.6609375 0.0375 0.053125
6 0.753125 0.70703125 0.059375 0.059375
6 0.82265625 0.7171875 0.0421875 0.1
6 0.79609375 0.68515625 0.0640625 0.065625
6 0.7546875 0.6140625 0.021875 0.090625
6 0.78203125 0.60390625 0.0765625 0.0765625
6 0.78125 0.6390625 0.05625 0.059375
5 0.86640625 0.61171875 0.0640625 0.0640625