6 0.503125 0.97578125 0.071875 0.0484375
6 0.64921875 0.809375 0.128125 0.04375
6 0.4734375 0.81484375 0.0515625 0.0484375
6 0.41953125 0.75234375 0.0515625 0.0515625
6 0.5046875 0.61953125 0.06875 0.06875
6 0.58828125 0.584375 0.078125 0.078125
6 0.61328125 0.44296875 0.0765625 0.0765625
6 0.8 0.14609375 0.103125 0.103125
6 0.54453125 0.31640625 0.078125 0.0796875
6 0.528125 0.41171875 0.0671875 0.0671875
6 0.5296875 0.45390625 0.06875 0.0671875
6 0.51875 0.47890625 0.1125 0.0359375
6 0.52890625 0.5296875 0.078125 0.0796875
6 0.475 0.51796875 0.0640625 0.0640625
6 0.50234375 0.50703125 0.0734375 0.075
6 0.46953125 0.4125 0.0640625 0.0671875
3 0.5328125 0.76328125 0.0875 0.0828125
5 0.48515625 0.23515625 0.075 0.075