6 0.08359375 0.73359375 0.09375 0.1765625
6 0.41484375 0.67890625 0.0796875 0.1796875
6 0.7203125 0.521875 0.0796875 0.140625
6 0.71328125 0.459375 0.0578125 0.1296875
6 0.440625 0.5140625 0.0875 0.153125
6 0.4390625 0.4578125 0.0578125 0.1109375
6 0.31484375 0.47734375 0.0734375 0.140625
6 0.33671875 0.59609375 0.0671875 0.1609375
6 0.26796875 0.465625 0.046875 0.1171875
6 0.18671875 0.50625 0.084375 0.090625
5 0.4046875 0.36015625 0.06875 0.134375
3 0.484375 0.66328125 0.0796875 0.153125
4 0.2671875 0.53046875 0.021875 0.0390625
3 0.7015625 0.28125 0.0625 0.11875