5 0.31953125 0.26875 0.0953125 0.0421875
6 0.3046875 0.8546875 0.1140625 0.0390625
3 0.45078125 0.88828125 0.1359375 0.0375
6 0.33125 0.72265625 0.1109375 0.0359375
6 0.55 0.56484375 0.1171875 0.05
6 0.521875 0.67265625 0.1453125 0.04375
6 0.60546875 0.18125 0.1453125 0.0484375
6 0.659375 0.89296875 0.1375 0.040625
6 0.36796875 0.63125 0.1140625 0.0375
4 0.5734375 0.303125 0.0421875 0.015625
6 0.3984375 0.82734375 0.1375 0.0390625
6 0.47578125 0.35 0.1234375 0.04375
6 0.490625 0.5796875 0.1125 0.03125
6 0.440625 0.55 0.1109375 0.0375
6 0.34140625 0.70234375 0.1078125 0.0359375