4 0.4640625 0.4375 0.021875 0.01875
6 0.55 0.35703125 0.109375 0.0640625
6 0.4828125 0.25234375 0.1265625 0.0703125
6 0.4640625 0.20078125 0.11875 0.0703125
6 0.5375 0.1484375 0.11875 0.0671875
6 0.56875 0.07890625 0.1203125 0.0734375
6 0.6625 0.05703125 0.103125 0.0625
6 0.27421875 0.36015625 0.1328125 0.078125
6 0.390625 0.346875 0.13125 0.0734375
6 0.434375 0.3484375 0.13125 0.075
6 0.59296875 0.16484375 0.075 0.0515625
6 0.73046875 0.14765625 0.1078125 0.0609375
6 0.640625 0.22890625 0.103125 0.059375
6 0.66875 0.15390625 0.1140625 0.065625
6 0.6734375 0.178125 0.1 0.05625
6 0.68984375 0.18984375 0.1203125 0.065625
3 0.65625 0.33203125 0.1046875 0.0703125
5 0.43359375 0.76328125 0.121875 0.06875