6 0.01796875 0.56796875 0.0359375 0.2421875
6 0.2328125 0.3796875 0.075 0.1
6 0.29140625 0.21953125 0.0796875 0.1015625
6 0.334375 0.22265625 0.0625 0.109375
6 0.4828125 0.3546875 0.0828125 0.140625
6 0.5109375 0.2296875 0.0640625 0.1234375
6 0.54765625 0.22734375 0.065625 0.109375
6 0.7015625 0.603125 0.1 0.1765625
6 0.7890625 0.73125 0.09375 0.18125
6 0.8046875 0.49921875 0.11875 0.15
6 0.7625 0.39765625 0.0765625 0.1234375
6 0.7171875 0.3375 0.1171875 0.146875
3 0.19609375 0.33359375 0.09375 0.1546875