5 0.4359375 0.65703125 0.0484375 0.1234375
6 0.921875 0.55390625 0.0578125 0.15
6 0.5546875 0.07734375 0.103125 0.1546875
6 0.27734375 0.32265625 0.05625 0.1328125
6 0.43671875 0.28984375 0.05625 0.1453125
6 0.4203125 0.4 0.0484375 0.096875
6 0.30546875 0.42265625 0.05625 0.1421875
6 0.3203125 0.490625 0.0375 0.1015625
4 0.34296875 0.43984375 0.021875 0.0515625
6 0.5125 0.4359375 0.0515625 0.1625
6 0.6171875 0.60234375 0.0546875 0.1359375
6 0.740625 0.6734375 0.0625 0.1515625
6 0.946875 0.734375 0.05 0.1328125
3 0.753125 0.415625 0.0671875 0.1671875
6 0.7359375 0.23125 0.053125 0.171875
6 0.69453125 0.2421875 0.0625 0.178125
6 0.42265625 0.50859375 0.0640625 0.128125
6 0.4765625 0.47109375 0.0359375 0.1359375