6 0.66171875 0.76328125 0.10625 0.059375
4 0.7 0.7421875 0.0328125 0.0296875
6 0.63359375 0.721875 0.1140625 0.0734375
6 0.6734375 0.6375 0.1359375 0.0765625
6 0.61015625 0.59609375 0.1421875 0.08125
6 0.69921875 0.4171875 0.140625 0.0765625
6 0.44765625 0.409375 0.1109375 0.0640625
6 0.44765625 0.32109375 0.1171875 0.065625
6 0.31328125 0.27734375 0.1234375 0.078125
6 0.4796875 0.19765625 0.128125 0.078125
3 0.425 0.1546875 0.1203125 0.0703125
5 0.21640625 0.265625 0.090625 0.053125
6 0.18984375 0.1234375 0.109375 0.065625