6 0.2734375 0.60625 0.1453125 0.04375
6 0.55703125 0.378125 0.096875 0.04375
6 0.48359375 0.27890625 0.1140625 0.0375
6 0.609375 0.75234375 0.1234375 0.0328125
6 0.58125 0.8796875 0.1125 0.0453125
6 0.6109375 0.56953125 0.1109375 0.0375
6 0.63515625 0.490625 0.0953125 0.03125
6 0.69765625 0.54296875 0.0875 0.04375
6 0.76328125 0.64453125 0.0890625 0.0375
6 0.490625 0.234375 0.0984375 0.03125
6 0.53046875 0.2375 0.1078125 0.0359375
6 0.70859375 0.58984375 0.0578125 0.03125
4 0.68515625 0.61171875 0.0171875 0.0109375
3 0.67890625 0.8390625 0.1109375 0.03125