3 0.2953125 0.54765625 0.04375 0.1203125
6 0.025 0.77265625 0.046875 0.1609375
6 0.2203125 0.39375 0.0328125 0.096875
6 0.0578125 0.36171875 0.040625 0.109375
6 0.2109375 0.3 0.028125 0.090625
6 0.28515625 0.3125 0.025 0.0921875
6 0.42578125 0.43671875 0.0375 0.128125
6 0.521875 0.49375 0.03125 0.1015625
6 0.54375 0.42890625 0.04375 0.0703125
6 0.5671875 0.4109375 0.0453125 0.103125
6 0.6390625 0.43046875 0.040625 0.109375
6 0.6984375 0.4421875 0.028125 0.10625
6 0.79765625 0.45859375 0.0484375 0.10625
6 0.90390625 0.50234375 0.025 0.1109375
5 0.8390625 0.35703125 0.034375 0.0875