6 0.97109375 0.153125 0.0578125 0.0875
6 0.86484375 0.39296875 0.0296875 0.09375
6 0.91796875 0.52734375 0.05 0.0515625
3 0.92265625 0.56171875 0.0421875 0.0421875
6 0.80625 0.48984375 0.059375 0.059375
6 0.84375 0.484375 0.03125 0.09375
6 0.75234375 0.39765625 0.065625 0.065625
6 0.6296875 0.53828125 0.034375 0.0765625
3 0.60234375 0.43203125 0.065625 0.065625
6 0.5734375 0.5140625 0.046875 0.046875
6 0.58984375 0.55234375 0.0453125 0.0453125
6 0.503125 0.534375 0.025 0.075
6 0.41015625 0.3453125 0.0703125 0.06875
6 0.42734375 0.50859375 0.0390625 0.084375
6 0.36640625 0.5140625 0.034375 0.071875
6 0.27421875 0.41796875 0.0765625 0.0765625
6 0.20625 0.42265625 0.06875 0.0703125
6 0.25625 0.5 0.03125 0.08125