6 0.40390625 0.9671875 0.0796875 0.0609375
6 0.58203125 0.83359375 0.134375 0.0703125
6 0.40859375 0.803125 0.059375 0.05625
6 0.36875 0.73046875 0.059375 0.059375
6 0.4796875 0.61796875 0.08125 0.08125
6 0.56875 0.60078125 0.0921875 0.0921875
6 0.62265625 0.4671875 0.090625 0.090625
6 0.8671875 0.215625 0.1203125 0.1203125
6 0.58203125 0.3296875 0.0921875 0.09375
6 0.54609375 0.41953125 0.078125 0.078125
6 0.5390625 0.4609375 0.0796875 0.0796875
6 0.52265625 0.48359375 0.1171875 0.059375
6 0.52265625 0.53515625 0.0921875 0.09375
6 0.47109375 0.5125 0.075 0.075
6 0.50078125 0.50703125 0.0859375 0.0875
6 0.48828125 0.40859375 0.075 0.078125
3 0.47734375 0.7640625 0.103125 0.1
5 0.540625 0.2375 0.0875 0.0875