6 0.0765625 0.7921875 0.0953125 0.2421875
6 0.20703125 0.5140625 0.075 0.1015625
6 0.18671875 0.34453125 0.08125 0.103125
6 0.2265625 0.328125 0.0640625 0.109375
6 0.41875 0.378125 0.084375 0.140625
6 0.3875 0.2546875 0.065625 0.1234375
6 0.41875 0.23515625 0.0671875 0.109375
6 0.7265625 0.50078125 0.103125 0.178125
6 0.8625 0.575 0.096875 0.18125
6 0.77109375 0.3609375 0.1203125 0.1515625
6 0.6875 0.28984375 0.078125 0.1234375
6 0.61953125 0.25703125 0.11875 0.1484375
3 0.15390625 0.48984375 0.0953125 0.1546875