3 0.67265625 0.3046875 0.1078125 0.0375
3 0.16328125 0.66640625 0.1953125 0.0703125
5 0.478125 0.67109375 0.1203125 0.0515625
6 0.46015625 0.30859375 0.13125 0.06875
6 0.53359375 0.04453125 0.1375 0.0515625
6 0.515625 0.02421875 0.103125 0.04375
6 0.56171875 0.01640625 0.1453125 0.0328125
6 0.284375 0.2328125 0.1765625 0.0703125
6 0.31328125 0.29921875 0.1421875 0.0625
6 0.3 0.34296875 0.1546875 0.0671875
6 0.28125 0.38203125 0.15 0.075
6 0.2015625 0.38984375 0.16875 0.084375
3 0.4046875 0.36015625 0.0453125 0.0375