1 0.346875 0.6078125 0.0609375 0.071875
1 0.3640625 0.6640625 0.034375 0.1484375
1 0.4203125 0.6640625 0.05625 0.1296875
1 0.51328125 0.68515625 0.0609375 0.1515625
1 0.57734375 0.6328125 0.0453125 0.1609375
1 0.60546875 0.578125 0.0453125 0.15625
1 0.6453125 0.5625 0.0359375 0.1859375
1 0.6515625 0.6671875 0.0484375 0.159375
1 0.70234375 0.7640625 0.0515625 0.2078125
1 0.8484375 0.60390625 0.0328125 0.1515625
1 0.88984375 0.425 0.0328125 0.128125
1 0.8890625 0.509375 0.05 0.05625
1 0.9640625 0.79296875 0.046875 0.1640625
1 0.96015625 0.9265625 0.0546875 0.146875