6 0.3671875 0.04609375 0.1546875 0.0828125
3 0.35625 0.10546875 0.1515625 0.0734375
3 0.35625 0.1640625 0.1734375 0.0921875
3 0.353125 0.2703125 0.146875 0.096875
3 0.1796875 0.465625 0.2140625 0.121875
3 0.35390625 0.48828125 0.1484375 0.065625
3 0.428125 0.684375 0.16875 0.0953125
3 0.49296875 0.61484375 0.1265625 0.053125
3 0.46796875 0.5390625 0.1421875 0.0734375
3 0.4640625 0.484375 0.1421875 0.078125
3 0.446875 0.36796875 0.1328125 0.0796875
3 0.40390625 0.44453125 0.11875 0.059375
3 0.48359375 0.3953125 0.1203125 0.0609375