6 0.5375 0.92734375 0.08125 0.1453125
6 0.1015625 0.62890625 0.0703125 0.165625
6 0.18046875 0.49765625 0.0609375 0.1375
6 0.31640625 0.4515625 0.059375 0.1296875
6 0.38125 0.4125 0.0625 0.1328125
6 0.46484375 0.375 0.04375 0.1046875
6 0.4984375 0.37421875 0.046875 0.1171875
6 0.703125 0.4515625 0.06875 0.153125
6 0.8375 0.43359375 0.065625 0.1390625
6 0.97578125 0.365625 0.0453125 0.1078125
6 0.99140625 0.384375 0.0171875 0.125
5 0.28203125 0.34453125 0.0515625 0.0984375
3 0.40078125 0.26796875 0.05 0.084375
3 0.790625 0.621875 0.0671875 0.15625
3 0.8921875 0.2765625 0.046875 0.0984375