6 0.653125 0.584375 0.0453125 0.109375
6 0.0625 0.61640625 0.05625 0.1375
6 0.1578125 0.50625 0.059375 0.1140625
6 0.2765625 0.50859375 0.065625 0.115625
6 0.41640625 0.490625 0.0515625 0.1265625
6 0.4390625 0.4703125 0.05625 0.1046875
6 0.5578125 0.55625 0.059375 0.0625
6 0.60234375 0.5859375 0.0640625 0.0546875
6 0.23984375 0.40546875 0.0546875 0.1109375
6 0.06171875 0.44296875 0.05 0.1125
6 0.190625 0.3796875 0.034375 0.1015625
6 0.27421875 0.4125 0.0421875 0.103125
5 0.540625 0.45 0.05625 0.15625
3 0.03828125 0.375 0.0421875 0.1203125