6 0.19375 0.45625 0.115625 0.1953125
6 0.77265625 0.5171875 0.121875 0.1875
6 0.9890625 0.3734375 0.021875 0.1625
6 0.6125 0.51640625 0.11875 0.196875
6 0.5859375 0.153125 0.1015625 0.1609375
6 0.4734375 0.41640625 0.1078125 0.18125
6 0.58046875 0.3484375 0.1109375 0.1765625
6 0.25234375 0.7296875 0.1265625 0.1859375
6 0.3328125 0.44609375 0.1140625 0.1765625
5 0.82265625 0.2921875 0.1 0.159375
6 0.6609375 0.44140625 0.1015625 0.1703125
4 0.40546875 0.4234375 0.0421875 0.05625
6 0.4109375 0.17421875 0.103125 0.171875
6 0.03828125 0.346875 0.0765625 0.1546875
6 0.51796875 0.4609375 0.103125 0.178125