3 0.2078125 0.66953125 0.0671875 0.14375
3 0.96328125 0.8328125 0.0640625 0.121875
6 0.37578125 0.8609375 0.075 0.1484375
6 0.3421875 0.81328125 0.05625 0.13125
6 0.0953125 0.95 0.075 0.1
6 0.10625 0.7421875 0.05625 0.13125
6 0.1578125 0.72734375 0.0671875 0.1453125
6 0.0875 0.509375 0.0453125 0.1375
6 0.353125 0.50625 0.0578125 0.1140625
6 0.4140625 0.61328125 0.0515625 0.1015625
6 0.4078125 0.45390625 0.075 0.115625
6 0.50390625 0.54453125 0.0484375 0.1171875
6 0.5234375 0.61171875 0.05 0.0859375
6 0.6765625 0.7046875 0.05625 0.15
6 0.6390625 0.715625 0.0703125 0.1484375
5 0.60703125 0.44765625 0.075 0.1453125
6 0.06875 0.54453125 0.0640625 0.1390625