6 0.31796875 0.534375 0.05625 0.115625
6 0.346875 0.70078125 0.05 0.128125
6 0.46875 0.7453125 0.0484375 0.1421875
6 0.3703125 0.6375 0.0484375 0.121875
6 0.265625 0.63671875 0.05625 0.1171875
6 0.159375 0.628125 0.0484375 0.0890625
6 0.02265625 0.615625 0.0328125 0.109375
6 0.13046875 0.68046875 0.034375 0.0953125
6 0.10390625 0.55546875 0.0328125 0.103125
6 0.13125 0.58515625 0.0328125 0.0875
6 0.16484375 0.5296875 0.0328125 0.0875
5 0.71875 0.42890625 0.040625 0.1125
3 0.1859375 0.459375 0.0484375 0.1046875
4 0.43125 0.565625 0.0109375 0.015625
6 0.1109375 0.509375 0.0296875 0.0984375