4 0.55625 0.74609375 0.084375 0.0734375
6 0.5671875 0.20703125 0.1328125 0.0734375
6 0.57421875 0.23359375 0.1046875 0.0609375
6 0.5375 0.26328125 0.121875 0.0703125
6 0.49765625 0.2953125 0.0953125 0.065625
6 0.54921875 0.34765625 0.1765625 0.1
5 0.61328125 0.32265625 0.196875 0.1171875
6 0.525 0.440625 0.24375 0.1453125
6 0.47890625 0.43828125 0.1921875 0.10625
6 0.5875 0.525 0.378125 0.2265625
6 0.42265625 0.465625 0.0671875 0.0453125
6 0.35703125 0.653125 0.0796875 0.0421875
6 0.3453125 0.66328125 0.0375 0.034375
6 0.3453125 0.69375 0.075 0.05
6 0.43984375 0.79375 0.290625 0.15
6 0.45 0.85625 0.4671875 0.228125