6 0.31640625 0.484375 0.040625 0.109375
6 0.409375 0.3671875 0.0328125 0.0921875
6 0.3109375 0.35546875 0.034375 0.0953125
6 0.7765625 0.284375 0.0265625 0.0796875
6 0.68984375 0.44296875 0.0375 0.103125
6 0.4578125 0.58828125 0.0484375 0.140625
6 0.4046875 0.2953125 0.028125 0.0765625
3 0.378125 0.41640625 0.0328125 0.0953125
6 0.121875 0.38125 0.0328125 0.0890625
6 0.2375 0.41171875 0.0359375 0.0984375
6 0.146875 0.396875 0.0296875 0.084375
6 0.190625 0.33203125 0.03125 0.0796875
6 0.81953125 0.64609375 0.0515625 0.1140625
6 0.19140625 0.42578125 0.03125 0.0875
4 0.634375 0.54921875 0.0328125 0.05625