5 0.1859375 0.7484375 0.01875 0.115625
6 0.03046875 0.72421875 0.025 0.121875
6 0.16015625 0.5265625 0.028125 0.128125
3 0.13671875 0.44296875 0.040625 0.140625
6 0.22421875 0.64296875 0.03125 0.1109375
6 0.38828125 0.46875 0.03125 0.121875
6 0.47890625 0.51171875 0.034375 0.134375
6 0.55078125 0.45859375 0.03125 0.128125
6 0.55390625 0.33359375 0.015625 0.096875
6 0.5671875 0.32578125 0.01875 0.096875
4 0.5875 0.37109375 0.015625 0.03125
6 0.6453125 0.38359375 0.03125 0.1484375
6 0.7703125 0.4546875 0.034375 0.1125
6 0.76953125 0.39453125 0.053125 0.1109375