6 0.13515625 0.70390625 0.0703125 0.2125
6 0.34453125 0.64140625 0.0546875 0.1703125
6 0.45625 0.725 0.0609375 0.1921875
6 0.50625 0.5203125 0.04375 0.140625
6 0.5546875 0.5296875 0.0453125 0.1625
6 0.6125 0.41015625 0.0546875 0.159375
6 0.78125 0.5453125 0.065625 0.171875
6 0.8171875 0.42109375 0.0515625 0.15625
6 0.8546875 0.47890625 0.046875 0.15625
6 0.79921875 0.83828125 0.0609375 0.2484375
6 0.728125 0.9015625 0.075 0.196875
6 0.30546875 0.540625 0.059375 0.165625
6 0.365625 0.53046875 0.040625 0.159375
6 0.4046875 0.5171875 0.0515625 0.146875
5 0.3625 0.41328125 0.0578125 0.121875
4 0.69921875 0.5671875 0.0296875 0.0421875