6 0.12578125 0.81328125 0.0515625 0.1109375
6 0.18203125 0.61953125 0.040625 0.096875
6 0.2953125 0.51171875 0.0296875 0.05625
6 0.33828125 0.64921875 0.0359375 0.0890625
6 0.3734375 0.5828125 0.040625 0.078125
6 0.3734375 0.54921875 0.040625 0.075
6 0.47890625 0.4390625 0.034375 0.05
6 0.49765625 0.5625 0.0390625 0.06875
6 0.50234375 0.4953125 0.040625 0.0671875
6 0.534375 0.6109375 0.0296875 0.0671875
6 0.515625 0.859375 0.0609375 0.1015625
6 0.83828125 0.715625 0.0484375 0.13125
6 0.6046875 0.578125 0.0375 0.1046875
6 0.678125 0.5203125 0.0546875 0.1
6 0.68203125 0.43203125 0.04375 0.0625
6 0.7859375 0.484375 0.0421875 0.1078125
6 0.865625 0.55625 0.0484375 0.1125
4 0.625 0.55 0.0203125 0.028125
3 0.528125 0.6640625 0.0296875 0.0875
6 0.50703125 0.69296875 0.0390625 0.06875
6 0.49765625 0.66953125 0.0234375 0.0609375
3 0.56484375 0.915625 0.0421875 0.10625