6 0.48125 0.7703125 0.0375 0.153125
6 0.42734375 0.56875 0.0328125 0.1265625
6 0.35546875 0.47421875 0.0375 0.1203125
6 0.296875 0.484375 0.04375 0.115625
6 0.53203125 0.38671875 0.034375 0.09375
6 0.75703125 0.39921875 0.040625 0.109375
6 0.78515625 0.44453125 0.025 0.109375
6 0.809375 0.36640625 0.0296875 0.10625
5 0.47890625 0.4015625 0.046875 0.096875
6 0.44140625 0.4484375 0.01875 0.1046875
6 0.959375 0.39765625 0.0375 0.1203125
6 0.96015625 0.2859375 0.0375 0.10625
6 0.99375 0.3859375 0.0109375 0.10625
4 0.40078125 0.42890625 0.01875 0.0421875