4 0.353125 0.56953125 0.0484375 0.0359375
6 0.27734375 0.56953125 0.23125 0.1109375
6 0.7015625 0.70546875 0.196875 0.1125
6 0.496875 0.51875 0.159375 0.090625
6 0.3140625 0.4109375 0.146875 0.0921875
3 0.509375 0.28515625 0.15625 0.0953125
3 0.4515625 0.14140625 0.153125 0.096875
3 0.37890625 0.0875 0.109375 0.0703125
3 0.60078125 0.10234375 0.1609375 0.0921875
3 0.865625 0.17265625 0.2015625 0.1109375
3 0.46796875 0.59140625 0.159375 0.109375
3 0.48671875 0.0140625 0.1109375 0.028125
3 0.45625 0.0203125 0.128125 0.040625