3 0.1125 0.5890625 0.071875 0.071875
6 0.08828125 0.78125 0.09375 0.0953125
6 0.02890625 0.73046875 0.0578125 0.0921875
6 0.14375 0.52734375 0.06875 0.0703125
6 0.246875 0.60625 0.0875 0.0875
6 0.2984375 0.5 0.0453125 0.1140625
6 0.3875 0.49609375 0.0546875 0.05625
4 0.4140625 0.43515625 0.0125 0.0125
6 0.4765625 0.578125 0.0734375 0.071875
6 0.4890625 0.6890625 0.0671875 0.0671875
6 0.534375 0.6796875 0.0171875 0.121875
6 0.54609375 0.625 0.053125 0.053125
6 0.86328125 0.89453125 0.05 0.1703125
6 0.553125 0.63125 0.08125 0.0796875
5 0.88046875 0.5234375 0.071875 0.0734375