3 0.87890625 0.25703125 0.05625 0.1140625
6 0.7921875 0.1828125 0.0453125 0.0953125
6 0.78203125 0.31328125 0.04375 0.1046875
6 0.75859375 0.42734375 0.0578125 0.125
6 0.6546875 0.26015625 0.0546875 0.0984375
6 0.48828125 0.39765625 0.053125 0.1015625
6 0.4703125 0.27578125 0.040625 0.090625
6 0.45078125 0.28125 0.0546875 0.0984375
6 0.45390625 0.38671875 0.0453125 0.0953125
6 0.48046875 0.53046875 0.04375 0.103125
6 0.42578125 0.58671875 0.046875 0.103125
4 0.52421875 0.2921875 0.0203125 0.028125
5 0.33046875 0.4 0.0515625 0.11875