6 0.41328125 0.73203125 0.0609375 0.1109375
6 0.3984375 0.65546875 0.05 0.084375
5 0.4890625 0.64453125 0.0546875 0.0703125
6 0.5265625 0.63125 0.065625 0.1265625
4 0.51328125 0.62109375 0.0140625 0.0171875
6 0.5546875 0.559375 0.040625 0.0921875
6 0.5953125 0.61796875 0.046875 0.103125
6 0.6171875 0.6625 0.053125 0.134375
6 0.60703125 0.5625 0.0484375 0.090625
6 0.75546875 0.546875 0.046875 0.1046875
6 0.82421875 0.61015625 0.05625 0.1203125
6 0.959375 0.80625 0.0796875 0.159375
3 0.8703125 0.3609375 0.03125 0.0640625