6 0.28984375 0.8015625 0.178125 0.0640625
6 0.29921875 0.4375 0.171875 0.053125
3 0.35625 0.34375 0.175 0.0453125
6 0.234375 0.1046875 0.209375 0.075
6 0.08203125 0.16328125 0.1515625 0.0453125
6 0.58671875 0.0984375 0.1421875 0.046875
6 0.50625 0.40546875 0.178125 0.05
6 0.50625 0.3609375 0.1421875 0.034375
6 0.46640625 0.23203125 0.159375 0.01875
6 0.5 0.2546875 0.165625 0.021875
6 0.496875 0.54453125 0.178125 0.0375
6 0.44296875 0.63828125 0.1515625 0.0328125
6 0.42578125 0.609375 0.1421875 0.025
6 0.4703125 0.5921875 0.1328125 0.053125
5 0.56953125 0.62265625 0.1265625 0.040625
6 0.609375 0.340625 0.1203125 0.040625