5 0.434375 0.39609375 0.046875 0.0828125
6 0.22265625 0.53203125 0.05625 0.1328125
6 0.2859375 0.503125 0.05625 0.103125
6 0.27265625 0.58046875 0.0671875 0.128125
6 0.55078125 0.5921875 0.0578125 0.1265625
6 0.50390625 0.54296875 0.0625 0.1359375
6 0.46484375 0.45390625 0.0578125 0.1078125
6 0.5859375 0.44609375 0.040625 0.103125
6 0.61796875 0.446875 0.0375 0.0984375
6 0.6453125 0.5203125 0.05 0.109375
6 0.7953125 0.45390625 0.0515625 0.1078125
6 0.80859375 0.52734375 0.0578125 0.121875
6 0.975 0.471875 0.046875 0.1046875
6 0.9875 0.51171875 0.025 0.1046875
3 0.8359375 0.66953125 0.0796875 0.153125