3 0.42265625 0.659375 0.1265625 0.0609375
6 0.54296875 0.74453125 0.096875 0.059375
6 0.64296875 0.84375 0.1015625 0.0515625
6 0.546875 0.9671875 0.1125 0.059375
6 0.64921875 0.7078125 0.08125 0.04375
6 0.57578125 0.609375 0.1 0.0453125
4 0.57421875 0.590625 0.040625 0.0234375
6 0.52734375 0.46796875 0.128125 0.065625
6 0.6046875 0.50546875 0.0984375 0.0359375
6 0.603125 0.48671875 0.103125 0.0421875
6 0.58125 0.4125 0.109375 0.05
6 0.55625 0.3484375 0.1125 0.04375
6 0.56796875 0.26171875 0.1296875 0.059375
6 0.55546875 0.11875 0.1171875 0.059375
5 0.6953125 0.23515625 0.09375 0.040625
6 0.41171875 0.9703125 0.1265625 0.059375
6 0.2109375 0.93984375 0.140625 0.046875