6 0.596875 0.61796875 0.1578125 0.065625
6 0.765625 0.67734375 0.1921875 0.0984375
6 0.846875 0.7359375 0.190625 0.115625
6 0.6078125 0.38828125 0.1515625 0.0609375
6 0.57265625 0.375 0.1515625 0.0609375
6 0.59765625 0.33515625 0.1515625 0.0828125
6 0.46796875 0.39921875 0.1171875 0.046875
6 0.4453125 0.38203125 0.1390625 0.065625
6 0.45078125 0.34375 0.15 0.0765625
6 0.50390625 0.53359375 0.1109375 0.05625
6 0.58828125 0.51953125 0.1515625 0.0796875
6 0.56015625 0.5828125 0.153125 0.0640625
6 0.59453125 0.61875 0.1703125 0.0796875
5 0.70546875 0.62578125 0.140625 0.0859375
3 0.71953125 0.4078125 0.178125 0.0953125
4 0.6546875 0.890625 0.03125 0.01875