6 0.021875 0.5875 0.04375 0.18125
6 0.0984375 0.53125 0.053125 0.15625
6 0.1109375 0.44296875 0.0359375 0.11875
6 0.290625 0.41796875 0.0515625 0.11875
6 0.2265625 0.31875 0.040625 0.13125
6 0.321875 0.58359375 0.0359375 0.1375
6 0.44140625 0.59375 0.0546875 0.1703125
6 0.59921875 0.79375 0.0421875 0.140625
6 0.77734375 0.67109375 0.0515625 0.146875
6 0.49296875 0.48984375 0.0453125 0.1515625
6 0.471875 0.42421875 0.0359375 0.1125
6 0.421875 0.38984375 0.0265625 0.0796875
6 0.38828125 0.50234375 0.059375 0.0984375
6 0.3453125 0.43828125 0.0328125 0.103125
6 0.3890625 0.42109375 0.0390625 0.0921875
6 0.4203125 0.47109375 0.03125 0.11875
5 0.6078125 0.41171875 0.0625 0.128125