4 0.71328125 0.4671875 0.0375 0.028125
6 0.75 0.3765625 0.1375 0.03125
6 0.68515625 0.21171875 0.125 0.03125
6 0.60859375 0.228125 0.134375 0.034375
3 0.60078125 0.31875 0.1390625 0.034375
6 0.384375 0.33515625 0.175 0.05
6 0.52109375 0.50234375 0.14375 0.028125
6 0.69140625 0.40859375 0.10625 0.03125
6 0.715625 0.4359375 0.109375 0.025
6 0.715625 0.50390625 0.0984375 0.025
6 0.65390625 0.50546875 0.125 0.05
6 0.6015625 0.58203125 0.1375 0.025
6 0.3703125 0.6734375 0.1625 0.0375
6 0.62109375 0.72109375 0.125 0.03125
6 0.53359375 0.76015625 0.134375 0.04375
6 0.571875 0.7953125 0.15625 0.0375
6 0.57109375 0.82890625 0.15625 0.046875
6 0.47109375 0.92734375 0.15 0.0359375
6 0.45234375 0.9859375 0.1640625 0.028125
6 0.2859375 0.86796875 0.1875 0.0484375