6 0.56796875 0.2390625 0.06875 0.025
6 0.596875 0.2484375 0.04375 0.025
6 0.51328125 0.26875 0.0609375 0.021875
6 0.50625 0.28984375 0.0546875 0.025
6 0.4078125 0.39921875 0.0765625 0.03125
6 0.721875 0.45390625 0.0421875 0.0296875
6 0.7 0.515625 0.04375 0.0328125
3 0.56171875 0.5265625 0.0546875 0.01875
6 0.44296875 0.5921875 0.075 0.0296875
6 0.05546875 0.578125 0.1046875 0.0671875
6 0.23671875 0.6265625 0.1046875 0.06875
6 0.403125 0.7109375 0.0671875 0.0265625
6 0.31171875 0.83984375 0.0625 0.0421875
6 0.31875 0.95546875 0.08125 0.0421875
6 0.475 0.70546875 0.0734375 0.028125
6 0.4875 0.7640625 0.059375 0.0375
6 0.553125 0.60625 0.0453125 0.025
6 0.58046875 0.603125 0.0375 0.025
4 0.4 0.840625 0.021875 0.0171875
5 0.7421875 0.82890625 0.0390625 0.0203125
6 0.4703125 0.7234375 0.0515625 0.025
6 0.23203125 0.29375 0.096875 0.0609375
6 0.11875 0.2671875 0.0890625 0.053125