6 0.5578125 0.9625 0.09375 0.075
6 0.5109375 0.76484375 0.06875 0.0671875
6 0.68515625 0.403125 0.1296875 0.040625
6 0.62734375 0.58203125 0.0796875 0.0796875
6 0.50546875 0.6765625 0.0921875 0.03125
6 0.53671875 0.60703125 0.0625 0.0609375
6 0.53828125 0.58046875 0.0609375 0.0609375
6 0.52265625 0.5453125 0.0546875 0.053125
6 0.5390625 0.4953125 0.103125 0.028125
6 0.58046875 0.4671875 0.096875 0.0296875
6 0.546875 0.45078125 0.0515625 0.0515625
6 0.5390625 0.39140625 0.0875 0.0140625
6 0.57578125 0.36015625 0.084375 0.0265625
6 0.60625 0.353125 0.096875 0.0421875
5 0.54140625 0.31484375 0.059375 0.0609375
3 0.5921875 0.74921875 0.0875 0.0265625
6 0.703125 0.8046875 0.0875 0.0859375