6 0.76015625 0.73046875 0.075 0.1890625
6 0.88203125 0.23203125 0.05 0.1046875
6 0.26796875 0.515625 0.0546875 0.1421875
6 0.07890625 0.58828125 0.0703125 0.1640625
6 0.20390625 0.5671875 0.0515625 0.146875
6 0.41796875 0.4296875 0.053125 0.11875
6 0.56640625 0.32890625 0.0578125 0.1390625
6 0.68671875 0.2515625 0.0421875 0.1125
6 0.6265625 0.3390625 0.040625 0.1125
6 0.67265625 0.5921875 0.06875 0.1421875
6 0.984375 0.24609375 0.03125 0.1234375
6 0.990625 0.403125 0.01875 0.121875
6 0.62109375 0.44453125 0.05625 0.125
6 0.45546875 0.5015625 0.05625 0.1390625
3 0.40390625 0.525 0.0546875 0.146875
5 0.178125 0.20546875 0.046875 0.10625
4 0.553125 0.50546875 0.0265625 0.0375