6 0.6109375 0.28203125 0.075 0.1171875
3 0.71328125 0.33515625 0.0765625 0.1296875
6 0.84609375 0.2296875 0.075 0.134375
6 0.8390625 0.54140625 0.0859375 0.159375
6 0.6328125 0.40703125 0.0609375 0.109375
6 0.55859375 0.3046875 0.065625 0.1171875
6 0.45390625 0.2734375 0.0546875 0.0921875
6 0.47734375 0.3765625 0.0703125 0.1203125
6 0.3578125 0.27734375 0.0609375 0.1015625
6 0.29375 0.36640625 0.0546875 0.096875
6 0.22734375 0.4453125 0.0625 0.1140625
6 0.184375 0.5328125 0.0828125 0.1484375
6 0.20546875 0.6796875 0.0890625 0.1609375
6 0.14765625 0.75390625 0.0859375 0.1671875