4 0.55703125 0.6703125 0.0375 0.046875
6 0.69296875 0.7359375 0.06875 0.1421875
6 0.6421875 0.4984375 0.071875 0.153125
6 0.60546875 0.50078125 0.0828125 0.1515625
6 0.79765625 0.25078125 0.1 0.2203125
6 0.31640625 0.4984375 0.071875 0.1515625
6 0.18515625 0.6 0.059375 0.1203125
6 0.1703125 0.62265625 0.0625 0.1265625
6 0.13125 0.6234375 0.071875 0.1421875
6 0.0171875 0.50625 0.034375 0.165625
6 0.165625 0.4296875 0.0734375 0.1484375
6 0.14765625 0.1984375 0.0765625 0.171875
6 0.203125 0.15078125 0.0875 0.1796875
6 0.38046875 0.70703125 0.046875 0.1125
6 0.40234375 0.73203125 0.053125 0.0953125