6 0.74375 0.86171875 0.190625 0.084375
6 0.540625 0.93515625 0.1796875 0.0703125
6 0.45078125 0.9328125 0.1328125 0.0546875
6 0.48203125 0.8703125 0.1375 0.065625
6 0.50546875 0.6328125 0.1375 0.059375
6 0.6140625 0.49609375 0.159375 0.075
6 0.5765625 0.4640625 0.1484375 0.0765625
6 0.65703125 0.38515625 0.178125 0.075
6 0.65703125 0.26171875 0.1734375 0.0765625
6 0.48046875 0.44296875 0.153125 0.0609375
6 0.55625 0.8265625 0.1140625 0.0453125
3 0.653125 0.796875 0.1375 0.0625
5 0.50625 0.31015625 0.14375 0.0515625
6 0.5125 0.65078125 0.109375 0.046875