3 0.39609375 0.48046875 0.1109375 0.225
6 0.1875 0.85234375 0.1140625 0.234375
6 0.67578125 0.64765625 0.121875 0.2265625
6 0.88125 0.31015625 0.0890625 0.1875
6 0.809375 0.30546875 0.0796875 0.1484375
6 0.7734375 0.30859375 0.078125 0.153125
6 0.67109375 0.28515625 0.0859375 0.1609375
6 0.4796875 0.334375 0.0890625 0.1375
6 0.6046875 0.43203125 0.0859375 0.1359375
6 0.15234375 0.4125 0.08125 0.1359375
6 0.06328125 0.43828125 0.1046875 0.14375
6 0.1046875 0.59921875 0.1 0.165625
6 0.16875 0.58515625 0.0953125 0.1640625
6 0.58046875 0.24375 0.0875 0.159375