1 0.0828125 0.903125 0.0578125 0.171875
1 0.1765625 0.74921875 0.04375 0.1421875
1 0.23984375 0.696875 0.0484375 0.1609375
1 0.27734375 0.65859375 0.0578125 0.125
1 0.33671875 0.640625 0.040625 0.1078125
1 0.353125 0.6046875 0.04375 0.1125
1 0.31484375 0.60703125 0.0484375 0.13125
1 0.38515625 0.54921875 0.0421875 0.11875
1 0.4953125 0.64609375 0.05625 0.15625
1 0.58203125 0.7484375 0.053125 0.14375
1 0.61328125 0.4734375 0.05 0.1078125
1 0.66328125 0.46484375 0.046875 0.1125
1 0.71640625 0.43984375 0.059375 0.1140625
1 0.77109375 0.41796875 0.046875 0.109375
1 0.73046875 0.53125 0.0421875 0.1
1 0.91484375 0.59765625 0.053125 0.140625
1 0.7984375 0.86015625 0.0578125 0.16875