6 0.2859375 0.60390625 0.078125 0.1484375
6 0.375 0.55390625 0.075 0.1375
6 0.7046875 0.4890625 0.0828125 0.1546875
6 0.4890625 0.36953125 0.06875 0.128125
6 0.53984375 0.353125 0.0671875 0.1171875
6 0.66640625 0.3015625 0.0765625 0.11875
6 0.65390625 0.38125 0.0625 0.1
6 0.72109375 0.37578125 0.065625 0.1109375
6 0.80390625 0.26015625 0.0640625 0.1171875
6 0.71796875 0.22578125 0.05625 0.11875
6 0.7640625 0.24296875 0.0578125 0.10625
3 0.74921875 0.4484375 0.0671875 0.1328125
4 0.66953125 0.3890625 0.021875 0.0296875
3 0.16484375 0.34140625 0.0546875 0.0921875
5 0.0125 0.521875 0.025 0.103125