5 0.915625 0.4359375 0.071875 0.071875
3 0.3515625 0.359375 0.0546875 0.1
6 0.79453125 0.22890625 0.0671875 0.0671875
6 0.75859375 0.30859375 0.05 0.0796875
6 0.634375 0.41015625 0.0703125 0.06875
6 0.63359375 0.2578125 0.0765625 0.1265625
6 0.5625 0.30703125 0.0515625 0.090625
6 0.4484375 0.40625 0.06875 0.1125
6 0.4140625 0.4453125 0.0484375 0.1140625
6 0.478125 0.52734375 0.0421875 0.04375
6 0.31640625 0.5578125 0.046875 0.046875
6 0.31875 0.42578125 0.065625 0.0671875
6 0.23046875 0.31875 0.046875 0.1234375
6 0.121875 0.228125 0.0984375 0.0984375
6 0.13828125 0.34921875 0.0921875 0.0921875
6 0.10078125 0.44296875 0.0921875 0.0921875
6 0.0453125 0.42734375 0.0546875 0.103125
6 0.16953125 0.51953125 0.0421875 0.065625
4 0.69609375 0.22890625 0.0203125 0.0203125
6 0.7125 0.2125 0.0984375 0.0953125