6 0.68984375 0.3328125 0.096875 0.0984375
6 0.66171875 0.4125 0.078125 0.078125
5 0.57109375 0.3734375 0.059375 0.0765625
6 0.5296875 0.36640625 0.1109375 0.1109375
4 0.5359375 0.38203125 0.0171875 0.015625
6 0.4640625 0.4171875 0.0765625 0.0765625
6 0.45625 0.340625 0.0890625 0.0875
6 0.4609375 0.2875 0.075 0.1484375
6 0.415625 0.3859375 0.084375 0.084375
6 0.26796875 0.3203125 0.090625 0.090625
6 0.2375 0.2234375 0.0703125 0.13125
6 0.2140625 0.0203125 0.13125 0.040625
3 0.059375 0.4328125 0.040625 0.071875