6 0.16796875 0.384375 0.1140625 0.1140625
6 0.24140625 0.39765625 0.0875 0.0875
6 0.2984375 0.41171875 0.08125 0.0828125
6 0.4453125 0.44921875 0.0640625 0.0640625
6 0.40546875 0.48984375 0.084375 0.0515625
6 0.459375 0.5 0.1 0.0671875
3 0.39921875 0.52421875 0.078125 0.078125
6 0.48671875 0.62265625 0.0578125 0.059375
6 0.47265625 0.67109375 0.0640625 0.0640625
6 0.390625 0.66953125 0.0625 0.053125
6 0.3921875 0.80859375 0.0765625 0.0765625
6 0.40625 0.87734375 0.1078125 0.0734375
6 0.42734375 0.84140625 0.0828125 0.0828125
6 0.4796875 0.778125 0.0921875 0.0515625
6 0.4984375 0.80078125 0.0984375 0.0984375
6 0.465625 0.81171875 0.075 0.0734375
5 0.5203125 0.8828125 0.0828125 0.0828125