1 0.5265625 0.73515625 0.0953125 0.040625
1 0.4546875 0.71171875 0.09375 0.0359375
1 0.50703125 0.63671875 0.1 0.05
1 0.3875 0.60546875 0.0921875 0.046875
1 0.296875 0.5765625 0.0828125 0.028125
1 0.25859375 0.51875 0.06875 0.034375
1 0.846875 0.7359375 0.140625 0.05625
1 0.66796875 0.50546875 0.1328125 0.05625
1 0.56953125 0.33046875 0.0953125 0.03125
1 0.55703125 0.3046875 0.096875 0.046875
1 0.415625 0.359375 0.0734375 0.028125
1 0.38984375 0.3234375 0.0828125 0.0328125
1 0.39453125 0.175 0.0953125 0.0359375
1 0.48046875 0.0921875 0.0953125 0.046875
1 0.8265625 0.37109375 0.128125 0.0484375
1 0.80546875 0.30546875 0.1171875 0.0640625