6 0.103125 0.2484375 0.11875 0.0328125
6 0.49765625 0.48203125 0.09375 0.0421875
6 0.5 0.20625 0.0796875 0.025
6 0.59609375 0.21875 0.0765625 0.021875
6 0.634375 0.3265625 0.0796875 0.0234375
6 0.64453125 0.446875 0.071875 0.0203125
6 0.59375 0.54609375 0.071875 0.015625
6 0.540625 0.69375 0.096875 0.0296875
6 0.62421875 0.66015625 0.0765625 0.0328125
6 0.71875 0.56484375 0.065625 0.015625
6 0.734375 0.78671875 0.0625 0.021875
6 0.64375 0.82890625 0.075 0.01875
6 0.56796875 0.8203125 0.0875 0.028125
6 0.25625 0.82265625 0.1234375 0.0328125
3 0.665625 0.70703125 0.071875 0.0203125
4 0.5765625 0.2859375 0.0265625 0.009375
6 0.6515625 0.23515625 0.078125 0.0265625
6 0.73359375 0.46875 0.05625 0.0125
6 0.7609375 0.45859375 0.0328125 0.0109375