1 0.5984375 0.76953125 0.090625 0.046875
1 0.5953125 0.7203125 0.096875 0.0203125
1 0.815625 0.66328125 0.1125 0.0328125
1 0.846875 0.60078125 0.1125 0.0453125
1 0.60234375 0.60625 0.1078125 0.0421875
1 0.48828125 0.61953125 0.0796875 0.025
1 0.30390625 0.6484375 0.08125 0.0234375
1 0.328125 0.62890625 0.0640625 0.025
1 0.2359375 0.4984375 0.0671875 0.0203125
1 0.30546875 0.44296875 0.075 0.025
1 0.3234375 0.3796875 0.0734375 0.0203125
1 0.23984375 0.26953125 0.075 0.01875
1 0.43046875 0.21328125 0.0875 0.0234375
1 0.37421875 0.1828125 0.084375 0.028125
1 0.65859375 0.234375 0.11875 0.0265625
1 0.53359375 0.2640625 0.10625 0.025
1 0.72421875 0.0984375 0.1328125 0.0390625
1 0.45078125 0.75859375 0.0796875 0.0296875
1 0.39296875 0.76796875 0.0609375 0.0296875