6 0.36796875 0.0875 0.2078125 0.0515625
6 0.534375 0.38125 0.1703125 0.0484375
6 0.575 0.546875 0.16875 0.0421875
6 0.621875 0.59296875 0.1640625 0.0484375
6 0.71328125 0.30703125 0.1578125 0.046875
6 0.68046875 0.0390625 0.14375 0.0234375
6 0.82421875 0.015625 0.1203125 0.0296875
6 0.840625 0.11953125 0.115625 0.0375
6 0.81953125 0.3875 0.115625 0.0359375
6 0.8296875 0.515625 0.1 0.021875
6 0.79296875 0.490625 0.1 0.0328125
6 0.6078125 0.4109375 0.15 0.028125
6 0.615625 0.459375 0.165625 0.0453125
6 0.60390625 0.5015625 0.1390625 0.034375
3 0.81015625 0.221875 0.1109375 0.0359375
4 0.78984375 0.51875 0.0265625 0.0125