6 0.6546875 0.034375 0.18125 0.059375
6 0.58671875 0.10703125 0.1578125 0.059375
6 0.49765625 0.10703125 0.11875 0.0390625
6 0.44765625 0.28125 0.1203125 0.0546875
6 0.35859375 0.20390625 0.1328125 0.0453125
6 0.6078125 0.33515625 0.1375 0.040625
6 0.6015625 0.4546875 0.171875 0.059375
6 0.77734375 0.63984375 0.1421875 0.046875
6 0.63046875 0.7984375 0.1484375 0.05625
6 0.49140625 0.49140625 0.1515625 0.05
6 0.42890625 0.46171875 0.1125 0.0390625
6 0.4015625 0.4078125 0.0796875 0.028125
6 0.5171875 0.3890625 0.1 0.0609375
6 0.46015625 0.33828125 0.103125 0.0375
6 0.4375 0.37890625 0.09375 0.0421875
6 0.48203125 0.4171875 0.1203125 0.0359375
5 0.39765625 0.59453125 0.1296875 0.0640625