6 0.634375 0.37890625 0.1 0.0421875
6 0.56015625 0.29765625 0.1078125 0.03125
6 0.53984375 0.4890625 0.1046875 0.05625
6 0.46171875 0.61640625 0.1140625 0.0421875
6 0.26796875 0.60234375 0.140625 0.0515625
6 0.53203125 0.59609375 0.11875 0.046875
6 0.625 0.24140625 0.109375 0.046875
6 0.67734375 0.13125 0.109375 0.0390625
6 0.57578125 0.06171875 0.1203125 0.040625
6 0.58203125 0.1203125 0.121875 0.0421875
6 0.509375 0.65546875 0.121875 0.0546875
6 0.59921875 0.2890625 0.0890625 0.046875
4 0.58828125 0.42265625 0.0203125 0.015625
5 0.62421875 0.7265625 0.1046875 0.0578125
6 0.2484375 0.040625 0.1484375 0.0421875