6 0.15703125 0.571875 0.08125 0.1515625
6 0.075 0.3140625 0.071875 0.134375
6 0.2859375 0.43203125 0.065625 0.128125
6 0.46015625 0.42578125 0.04375 0.109375
6 0.64765625 0.4671875 0.0703125 0.146875
6 0.88515625 0.603125 0.065625 0.125
6 0.24765625 0.2875 0.053125 0.10625
6 0.21484375 0.25546875 0.0421875 0.1
6 0.14765625 0.28828125 0.0421875 0.115625
6 0.35859375 0.31015625 0.0265625 0.1046875
6 0.32578125 0.31484375 0.0453125 0.1
5 0.7671875 0.371875 0.0546875 0.115625
4 0.8125 0.58671875 0.0328125 0.0609375