6 0.48515625 0.278125 0.04375 0.178125
6 0.684375 0.3578125 0.0453125 0.178125
6 0.62734375 0.42109375 0.021875 0.1140625
6 0.38984375 0.525 0.05 0.1171875
6 0.30234375 0.46640625 0.034375 0.1359375
6 0.215625 0.403125 0.053125 0.1328125
3 0.1421875 0.42578125 0.021875 0.1359375
6 0.15078125 0.54609375 0.040625 0.0984375
6 0.228125 0.603125 0.0296875 0.1078125
6 0.03828125 0.65625 0.034375 0.1453125
6 0.74375 0.45703125 0.053125 0.1359375
6 0.79765625 0.43046875 0.0375 0.1265625
5 0.184375 0.70078125 0.0453125 0.1171875