5 0.72265625 0.5859375 0.13125 0.0671875
6 0.621875 0.76875 0.13125 0.0734375
6 0.578125 0.8921875 0.1265625 0.0765625
3 0.3484375 0.80078125 0.125 0.0734375
6 0.45703125 0.98359375 0.1359375 0.0328125
6 0.53984375 0.33828125 0.13125 0.071875
6 0.553125 0.25234375 0.109375 0.0546875
6 0.48671875 0.2171875 0.14375 0.0734375
4 0.484375 0.39140625 0.03125 0.0203125
6 0.490625 0.42109375 0.13125 0.065625
6 0.38125 0.3734375 0.134375 0.075
6 0.44609375 0.43359375 0.128125 0.0671875
6 0.5484375 0.5125 0.1484375 0.0859375
6 0.4375 0.53984375 0.1515625 0.0765625
6 0.240625 0.575 0.1484375 0.075
6 0.28203125 0.61484375 0.1296875 0.0703125
6 0.1578125 0.43203125 0.1734375 0.0796875