5 0.77421875 0.7296875 0.0671875 0.1421875
6 0.9390625 0.64765625 0.075 0.1515625
3 0.88984375 0.35234375 0.0703125 0.14375
6 0.76484375 0.37734375 0.071875 0.1640625
6 0.74453125 0.2625 0.0859375 0.184375
6 0.6015625 0.57421875 0.059375 0.134375
6 0.58359375 0.4125 0.071875 0.128125
4 0.596875 0.26328125 0.0375 0.0578125
6 0.5359375 0.29453125 0.0796875 0.15625
6 0.4578125 0.29765625 0.0765625 0.15
6 0.36171875 0.4125 0.0734375 0.15
6 0.3015625 0.42109375 0.0796875 0.1578125
6 0.28203125 0.36796875 0.08125 0.1453125
6 0.23671875 0.53828125 0.0859375 0.171875
6 0.17890625 0.46640625 0.0734375 0.16875