5 0.1703125 0.5078125 0.153125 0.075
6 0.3640625 0.23671875 0.171875 0.0515625
6 0.496875 0.14609375 0.153125 0.065625
6 0.64453125 0.20859375 0.1546875 0.0703125
6 0.8578125 0.4421875 0.1328125 0.065625
6 0.3546875 0.6015625 0.1734375 0.1
6 0.4265625 0.7609375 0.1625 0.075
6 0.8671875 0.96640625 0.153125 0.0671875
3 0.5484375 0.9046875 0.140625 0.0765625
6 0.325 0.8671875 0.1515625 0.0625
6 0.3296875 0.815625 0.18125 0.053125
6 0.89609375 0.66015625 0.1078125 0.078125
4 0.30078125 0.83046875 0.0453125 0.021875