6 0.48125 0.02734375 0.146875 0.0484375
3 0.45625 0.0828125 0.146875 0.0390625
3 0.4421875 0.1390625 0.1640625 0.0546875
3 0.41328125 0.24140625 0.134375 0.065625
3 0.19765625 0.3890625 0.2015625 0.075
3 0.3609375 0.453125 0.1453125 0.0296875
3 0.3859375 0.66171875 0.1578125 0.059375
3 0.465625 0.61015625 0.1234375 0.0234375
3 0.459375 0.53046875 0.1359375 0.0421875
3 0.46875 0.47578125 0.134375 0.046875
3 0.48046875 0.359375 0.125 0.0515625
3 0.4203125 0.42265625 0.1140625 0.0328125
3 0.509375 0.39453125 0.115625 0.034375