6 0.9828125 0.378125 0.034375 0.24375
6 0.778125 0.59140625 0.0640625 0.096875
6 0.73671875 0.75703125 0.071875 0.096875
6 0.69375 0.75859375 0.053125 0.10625
6 0.53203125 0.6421875 0.06875 0.1375
6 0.5171875 0.76953125 0.0515625 0.121875
6 0.48125 0.7765625 0.05625 0.10625
6 0.2890625 0.41796875 0.084375 0.171875
6 0.18828125 0.3 0.0765625 0.178125
6 0.196875 0.5328125 0.10625 0.1421875
6 0.24921875 0.62890625 0.0671875 0.1203125
6 0.30078125 0.684375 0.10625 0.1390625
3 0.81953125 0.63359375 0.0796875 0.1515625