1 0.55390625 0.0203125 0.1140625 0.040625
1 0.5328125 0.1859375 0.0859375 0.04375
1 0.48046875 0.3359375 0.0984375 0.05
1 0.4671875 0.4 0.084375 0.04375
1 0.42890625 0.4078125 0.1 0.0484375
1 0.32109375 0.16796875 0.14375 0.0609375
1 0.42734375 0.48046875 0.115625 0.0546875
1 0.40703125 0.50234375 0.1046875 0.0515625
1 0.3515625 0.57265625 0.1078125 0.053125
1 0.38828125 0.6 0.1125 0.0484375
1 0.3484375 0.6078125 0.1015625 0.05
1 0.2359375 0.6671875 0.1125 0.053125
1 0.2703125 0.51953125 0.121875 0.075
1 0.11328125 0.521875 0.1515625 0.0765625
1 0.08515625 0.61953125 0.140625 0.071875
1 0.3625 0.73828125 0.10625 0.05