6 0.31875 0.734375 0.1375 0.0703125
6 0.390625 0.64609375 0.1203125 0.08125
6 0.38125 0.60859375 0.1328125 0.0734375
6 0.34765625 0.58359375 0.1078125 0.05625
6 0.3640625 0.51953125 0.128125 0.0859375
6 0.484375 0.45703125 0.134375 0.065625
6 0.3703125 0.378125 0.153125 0.0875
6 0.49296875 0.31875 0.1390625 0.065625
6 0.5328125 0.20703125 0.134375 0.08125
6 0.25234375 0.2234375 0.1578125 0.084375
6 0.434375 0.0359375 0.134375 0.071875
3 0.68828125 0.1046875 0.1140625 0.0578125
3 0.2140625 0.3484375 0.1640625 0.1046875
5 0.61875 0.7234375 0.1265625 0.0796875