1 0.30859375 0.78984375 0.059375 0.1515625
1 0.2875 0.6265625 0.0609375 0.146875
1 0.40859375 0.71015625 0.06875 0.15625
1 0.48046875 0.66640625 0.0578125 0.121875
1 0.4921875 0.60078125 0.053125 0.13125
1 0.509375 0.55703125 0.0375 0.0921875
1 0.5296875 0.64609375 0.053125 0.140625
1 0.571875 0.76953125 0.0703125 0.178125
1 0.575 0.571875 0.0515625 0.1375
1 0.61328125 0.65703125 0.071875 0.14375
1 0.7078125 0.590625 0.0578125 0.146875
1 0.6546875 0.4625 0.05 0.11875
1 0.678125 0.4515625 0.046875 0.1375
1 0.84296875 0.69609375 0.0625 0.1796875
1 0.628125 0.88125 0.075 0.19375
1 0.88828125 0.8140625 0.065625 0.1890625