6 0.234375 0.728125 0.1484375 0.0546875
6 0.39609375 0.69921875 0.140625 0.0734375
6 0.4171875 0.56171875 0.1125 0.053125
6 0.42578125 0.44609375 0.140625 0.0546875
6 0.53203125 0.4828125 0.10625 0.04375
6 0.43828125 0.37109375 0.134375 0.0515625
5 0.56328125 0.89921875 0.125 0.0484375
6 0.60234375 0.37890625 0.1171875 0.0421875
6 0.65625 0.2765625 0.1171875 0.0359375
3 0.82734375 0.278125 0.071875 0.01875
3 0.334375 0.24609375 0.146875 0.0484375
6 0.34140625 0.503125 0.109375 0.040625
4 0.32890625 0.534375 0.04375 0.0203125
6 0.4078125 0.2203125 0.1296875 0.0421875
6 0.634375 0.0609375 0.1203125 0.0453125
6 0.6484375 0.02421875 0.134375 0.04375
6 0.2609375 0.00703125 0.16875 0.0140625