3 0.40625 0.17578125 0.1421875 0.059375
3 0.06484375 0.86875 0.1203125 0.05625
6 0.18046875 0.2921875 0.146875 0.065625
6 0.23359375 0.27109375 0.1296875 0.0484375
6 0.1265625 0.0109375 0.16875 0.021875
6 0.36015625 0.059375 0.1296875 0.0484375
6 0.36171875 0.11328125 0.1421875 0.0578125
6 0.590625 0.09765625 0.1375 0.0375
6 0.5296875 0.35625 0.1125 0.05
6 0.4109375 0.38984375 0.1 0.0453125
6 0.5671875 0.421875 0.1125 0.06875
6 0.45625 0.49296875 0.115625 0.040625
6 0.3859375 0.4953125 0.084375 0.04375
6 0.25859375 0.621875 0.1484375 0.046875
6 0.2578125 0.5828125 0.146875 0.0609375
5 0.525 0.61640625 0.14375 0.065625
6 0.5609375 0.07109375 0.1375 0.0546875