6 0.375 0.58828125 0.05625 0.159375
6 0.3046875 0.75234375 0.0875 0.1921875
6 0.240625 0.8296875 0.1046875 0.1890625
6 0.60390625 0.61484375 0.05 0.1515625
6 0.61953125 0.58125 0.0515625 0.1515625
6 0.6578125 0.60859375 0.075 0.15
6 0.60234375 0.475 0.040625 0.1171875
6 0.62109375 0.45390625 0.059375 0.1390625
6 0.659375 0.46171875 0.06875 0.1484375
6 0.46640625 0.5015625 0.05 0.1109375
6 0.47421875 0.58671875 0.0734375 0.1515625
6 0.41328125 0.55390625 0.0546875 0.153125
6 0.375 0.58671875 0.0671875 0.171875
5 0.36015625 0.69609375 0.078125 0.1375
3 0.57734375 0.725 0.084375 0.178125
4 0.09921875 0.6265625 0.0171875 0.03125