1 0.50625 0.17109375 0.1421875 0.0296875
1 0.46015625 0.3703125 0.1375 0.0328125
1 0.559375 0.3640625 0.1140625 0.03125
1 0.59765625 0.4859375 0.1109375 0.03125
1 0.58515625 0.50625 0.1171875 0.0265625
1 0.58515625 0.56015625 0.1171875 0.0359375
1 0.62734375 0.69765625 0.1109375 0.03125
1 0.690625 0.63671875 0.1078125 0.028125
1 0.53515625 0.7609375 0.13125 0.0359375
1 0.3921875 0.728125 0.1453125 0.0328125
1 0.46171875 0.8140625 0.15 0.025
1 0.47890625 0.859375 0.13125 0.0328125
1 0.58984375 0.9015625 0.11875 0.03125
0 0.4890625 0.39296875 0.03125 0.0171875