5 0.1578125 0.4203125 0.078125 0.1375
6 0.25625 0.6046875 0.0703125 0.165625
6 0.3515625 0.65546875 0.09375 0.18125
6 0.375 0.4875 0.0640625 0.153125
6 0.4515625 0.7265625 0.0875 0.175
6 0.421875 0.54375 0.05625 0.1375
6 0.48359375 0.4734375 0.0609375 0.1390625
6 0.53515625 0.490625 0.0703125 0.1484375
6 0.61171875 0.39609375 0.06875 0.1734375
6 0.70546875 0.359375 0.0640625 0.14375
6 0.77890625 0.72421875 0.078125 0.14375
6 0.61015625 0.86484375 0.0828125 0.1796875
6 0.85546875 0.5109375 0.05 0.146875
6 0.73671875 0.48984375 0.0578125 0.11875
3 0.7515625 0.58828125 0.05625 0.121875
3 0.6984375 0.2671875 0.0546875 0.084375
4 0.81328125 0.5265625 0.0453125 0.096875