1 0.1328125 0.56875 0.0515625 0.109375
1 0.10546875 0.61484375 0.0421875 0.109375
1 0.328125 0.7828125 0.0703125 0.13125
1 0.3453125 0.71171875 0.0546875 0.103125
1 0.4421875 0.65078125 0.05 0.1078125
1 0.46171875 0.665625 0.0453125 0.090625
1 0.6546875 0.73046875 0.0515625 0.0984375
1 0.67734375 0.6890625 0.0453125 0.09375
1 0.59140625 0.67421875 0.0546875 0.0984375
1 0.56015625 0.66953125 0.05 0.103125
1 0.54609375 0.63125 0.0484375 0.1046875
1 0.5203125 0.61796875 0.0453125 0.1
1 0.50234375 0.61328125 0.0390625 0.08125
1 0.48203125 0.68828125 0.0484375 0.1109375
1 0.50234375 0.70859375 0.040625 0.0859375
1 0.5140625 0.715625 0.04375 0.103125
1 0.34609375 0.42734375 0.0421875 0.084375
1 0.7125 0.7171875 0.0515625 0.1203125