5 0.49609375 0.55078125 0.0703125 0.071875
6 0.6234375 0.39375 0.1015625 0.1625
6 0.46875 0.4671875 0.0671875 0.13125
6 0.41015625 0.47421875 0.0859375 0.146875
4 0.41875 0.54609375 0.0359375 0.053125
6 0.43515625 0.25859375 0.0921875 0.1734375
6 0.3453125 0.0921875 0.10625 0.1828125
6 0.159375 0.39375 0.084375 0.1359375
6 0.12109375 0.4390625 0.084375 0.1265625
6 0.0625 0.384375 0.096875 0.13125
6 0.1109375 0.35234375 0.059375 0.0953125
6 0.0921875 0.26015625 0.09375 0.1421875
6 0.159375 0.34765625 0.06875 0.0609375