6 0.20625 0.86953125 0.05 0.1828125
6 0.26015625 0.60390625 0.05 0.1234375
6 0.30390625 0.48359375 0.0546875 0.1171875
6 0.2625 0.4234375 0.0375 0.0796875
6 0.2703125 0.3765625 0.04375 0.0796875
6 0.32421875 0.29921875 0.0484375 0.1125
6 0.34296875 0.21875 0.025 0.0875
6 0.3671875 0.22265625 0.0328125 0.096875
6 0.5640625 0.49296875 0.028125 0.096875
6 0.57265625 0.37109375 0.0359375 0.0984375
6 0.56796875 0.2796875 0.025 0.090625
6 0.6875 0.23984375 0.03125 0.0765625
6 0.78203125 0.21796875 0.0203125 0.06875
6 0.80234375 0.240625 0.01875 0.078125
6 0.878125 0.26015625 0.0328125 0.0921875
6 0.91953125 0.5609375 0.0375 0.128125
3 0.4625 0.38125 0.0359375 0.0984375