3 0.63828125 0.4875 0.0328125 0.1203125
6 0.48046875 0.49609375 0.0328125 0.1078125
6 0.7078125 0.77265625 0.065625 0.1828125
6 0.903125 0.553125 0.0390625 0.1421875
6 0.9515625 0.4171875 0.0328125 0.1140625
6 0.6625 0.39921875 0.025 0.0984375
6 0.61171875 0.4125 0.028125 0.078125
6 0.5109375 0.42578125 0.028125 0.0921875
6 0.52734375 0.4109375 0.01875 0.08125
6 0.54765625 0.38828125 0.015625 0.09375
6 0.54765625 0.359375 0.0140625 0.08125
6 0.490625 0.36640625 0.03125 0.0703125
6 0.41484375 0.3890625 0.0265625 0.0921875
6 0.43984375 0.3578125 0.0171875 0.0890625
6 0.38203125 0.390625 0.025 0.0953125
6 0.60546875 0.32265625 0.0171875 0.0765625
3 0.61328125 0.28671875 0.0171875 0.06875