5 0.5828125 0.409375 0.034375 0.078125
6 0.7671875 0.5796875 0.034375 0.1296875
6 0.71015625 0.53984375 0.040625 0.096875
6 0.71015625 0.61875 0.046875 0.121875
6 0.43359375 0.58203125 0.0375 0.121875
6 0.4890625 0.54140625 0.040625 0.13125
6 0.54296875 0.4609375 0.040625 0.1015625
6 0.425 0.43203125 0.025 0.1
6 0.39296875 0.42734375 0.0203125 0.096875
6 0.353125 0.49453125 0.03125 0.1046875
6 0.2171875 0.403125 0.0328125 0.103125
6 0.19140625 0.4734375 0.0375 0.1171875
6 0.03671875 0.38984375 0.0296875 0.1015625
6 0.0109375 0.42578125 0.021875 0.103125
3 0.13984375 0.60859375 0.0546875 0.146875