6 0.40625 0.25078125 0.1375 0.0578125
6 0.4640625 0.4375 0.1078125 0.034375
3 0.49609375 0.74296875 0.1203125 0.05
6 0.55078125 0.4421875 0.1078125 0.028125
6 0.40859375 0.671875 0.115625 0.0390625
6 0.578125 0.559375 0.0984375 0.034375
6 0.6296875 0.6953125 0.109375 0.0234375
6 0.69921875 0.8046875 0.075 0.025
6 0.55703125 0.778125 0.115625 0.0296875
6 0.578125 0.809375 0.0890625 0.040625
6 0.30390625 0.92578125 0.1484375 0.0328125
6 0.6609375 0.9828125 0.09375 0.034375
3 0.80078125 0.9890625 0.0640625 0.021875
5 0.678125 0.29609375 0.0359375 0.0328125