5 0.15625 0.5984375 0.140625 0.0796875
6 0.13203125 0.78203125 0.1515625 0.0890625
3 0.4046875 0.90625 0.14375 0.0828125
6 0.453125 0.78828125 0.1625 0.0875
6 0.56015625 0.83515625 0.184375 0.103125
6 0.38125 0.5421875 0.1328125 0.071875
6 0.52578125 0.61796875 0.1296875 0.0828125
4 0.6421875 0.71328125 0.0578125 0.0421875
6 0.65 0.64453125 0.15625 0.0921875
6 0.69140625 0.578125 0.15 0.090625
6 0.65 0.434375 0.1484375 0.0875
6 0.67578125 0.3796875 0.1578125 0.0921875
6 0.73203125 0.39296875 0.146875 0.09375
6 0.615625 0.26015625 0.171875 0.1
6 0.70703125 0.253125 0.1671875 0.0890625