6 0.7578125 0.7375 0.1453125 0.0484375
6 0.596875 0.70234375 0.1390625 0.06875
6 0.58046875 0.56484375 0.1109375 0.05
6 0.57578125 0.4484375 0.1390625 0.05
6 0.46875 0.48203125 0.1046875 0.040625
6 0.56640625 0.3734375 0.1328125 0.0484375
5 0.42265625 0.896875 0.1234375 0.04375
6 0.4015625 0.37578125 0.1171875 0.0375
6 0.3515625 0.27109375 0.1171875 0.03125
3 0.18046875 0.2671875 0.071875 0.0171875
3 0.67421875 0.25234375 0.1453125 0.04375
6 0.65859375 0.50859375 0.1078125 0.0375
4 0.66953125 0.540625 0.04375 0.01875
6 0.6015625 0.2234375 0.1296875 0.0375
6 0.38125 0.05625 0.1203125 0.040625
6 0.36796875 0.01953125 0.1328125 0.0390625
6 0.75625 0.01015625 0.16875 0.0203125