6 0.478125 0.71484375 0.13125 0.071875
5 0.6296875 0.66953125 0.0796875 0.046875
6 0.53046875 0.54453125 0.1265625 0.059375
6 0.553125 0.440625 0.115625 0.0546875
6 0.4046875 0.4375 0.1234375 0.05625
6 0.4203125 0.4109375 0.1390625 0.0625
6 0.475 0.38359375 0.1203125 0.053125
6 0.540625 0.41953125 0.1046875 0.046875
6 0.38515625 0.61328125 0.1265625 0.075
6 0.4296875 0.81640625 0.1265625 0.05625
4 0.40234375 0.83828125 0.0390625 0.021875
6 0.534375 0.20546875 0.10625 0.0578125
6 0.4484375 0.20390625 0.1203125 0.059375
6 0.51875 0.059375 0.09375 0.053125
6 0.453125 0.0140625 0.103125 0.028125
3 0.3046875 0.04921875 0.1421875 0.065625