3 0.32265625 0.49921875 0.065625 0.1265625
6 0.29921875 0.35390625 0.0625 0.0984375
6 0.25390625 0.22109375 0.0546875 0.1015625
6 0.10078125 0.253125 0.0625 0.1140625
6 0.37890625 0.275 0.0453125 0.08125
6 0.434375 0.38359375 0.0484375 0.1
4 0.45078125 0.39375 0.025 0.040625
6 0.540625 0.4890625 0.06875 0.128125
6 0.54140625 0.403125 0.0375 0.096875
6 0.55703125 0.4125 0.0484375 0.103125
6 0.6140625 0.465625 0.053125 0.109375
6 0.6609375 0.515625 0.05 0.1125
6 0.74453125 0.54296875 0.0640625 0.1296875
6 0.8671875 0.6171875 0.0640625 0.11875
5 0.82421875 0.440625 0.0453125 0.0953125
6 0.03671875 0.37265625 0.065625 0.1265625