6 0.5359375 0.32890625 0.1109375 0.05
6 0.7390625 0.884375 0.1390625 0.0625
6 0.60546875 0.82578125 0.115625 0.0640625
6 0.5734375 0.71171875 0.1171875 0.071875
6 0.515625 0.5828125 0.1265625 0.0578125
6 0.48984375 0.5671875 0.10625 0.0609375
6 0.53671875 0.428125 0.0640625 0.0625
6 0.55234375 0.37734375 0.0578125 0.0671875
6 0.48515625 0.7765625 0.1109375 0.0578125
6 0.5734375 0.9359375 0.1140625 0.05625
6 0.475 0.83125 0.1015625 0.0390625
6 0.48203125 0.74140625 0.103125 0.0453125
5 0.43984375 0.47578125 0.1578125 0.0671875
3 0.515625 0.97734375 0.11875 0.0453125