6 0.87578125 0.165625 0.065625 0.1171875
6 0.81796875 0.365625 0.0703125 0.0703125
6 0.70234375 0.4765625 0.034375 0.059375
6 0.6578125 0.334375 0.065625 0.065625
6 0.621875 0.403125 0.059375 0.059375
6 0.621875 0.4375 0.0640625 0.0625
6 0.5140625 0.55078125 0.0453125 0.0453125
6 0.49453125 0.42421875 0.0390625 0.0703125
6 0.4890625 0.4921875 0.0578125 0.059375
6 0.45625 0.3734375 0.0484375 0.0484375
6 0.47578125 0.11875 0.0734375 0.1078125
6 0.14453125 0.26640625 0.09375 0.0921875
6 0.38359375 0.4078125 0.075 0.075
6 0.30859375 0.4671875 0.0875 0.0875
6 0.3046875 0.5578125 0.0578125 0.0578125
6 0.1984375 0.503125 0.078125 0.0796875
6 0.11640625 0.43046875 0.0875 0.090625
4 0.3640625 0.43671875 0.0265625 0.0265625
3 0.4625 0.31953125 0.0609375 0.0609375
6 0.484375 0.2890625 0.0578125 0.059375
6 0.49453125 0.3140625 0.0453125 0.04375
3 0.42578125 0.0609375 0.0796875 0.08125