6 0.5109375 0.1203125 0.0984375 0.0578125
6 0.65546875 0.1109375 0.0640625 0.0640625
3 0.6890625 0.1171875 0.053125 0.053125
6 0.58515625 0.20546875 0.075 0.075
6 0.59140625 0.16796875 0.1 0.059375
6 0.48046875 0.228125 0.0828125 0.0828125
6 0.5765625 0.38828125 0.0828125 0.05625
3 0.4671875 0.38203125 0.0828125 0.0828125
6 0.5359375 0.434375 0.059375 0.059375
6 0.57734375 0.43046875 0.0578125 0.0578125
6 0.53359375 0.5078125 0.0796875 0.0484375
6 0.325 0.5375 0.0875 0.0875
6 0.4859375 0.571875 0.0921875 0.0625
6 0.471875 0.63125 0.0796875 0.0546875
6 0.35234375 0.6890625 0.096875 0.096875
6 0.3359375 0.75546875 0.0875 0.0875
6 0.425 0.73203125 0.0859375 0.0546875