1 0.57109375 0.8828125 0.115625 0.05625
1 0.55390625 0.83125 0.10625 0.053125
1 0.73046875 0.778125 0.1328125 0.0765625
1 0.67265625 0.68046875 0.134375 0.0703125
1 0.6921875 0.59375 0.10625 0.059375
1 0.6734375 0.5578125 0.1203125 0.059375
1 0.684375 0.54296875 0.1109375 0.0578125
1 0.7171875 0.5359375 0.109375 0.0546875
1 0.68046875 0.47109375 0.0984375 0.05
1 0.68671875 0.44375 0.1078125 0.0546875
1 0.66796875 0.4140625 0.1015625 0.0484375
1 0.68046875 0.41171875 0.0984375 0.0515625
1 0.6953125 0.3953125 0.1046875 0.059375
1 0.71171875 0.36796875 0.084375 0.046875
1 0.7125 0.34375 0.1125 0.05625
1 0.70625 0.303125 0.103125 0.0515625