6 0.6703125 0.82421875 0.2125 0.06875
6 0.709375 0.6171875 0.1640625 0.0703125
6 0.63671875 0.65546875 0.1359375 0.0609375
6 0.559375 0.725 0.190625 0.053125
6 0.50546875 0.65078125 0.1078125 0.040625
6 0.521875 0.57109375 0.1515625 0.05
6 0.53125 0.50078125 0.1328125 0.0453125
6 0.378125 0.35390625 0.134375 0.0453125
6 0.52421875 0.18984375 0.1453125 0.04375
6 0.38984375 0.14765625 0.1046875 0.0578125
6 0.828125 0.29375 0.2125 0.0625
6 0.8578125 0.34609375 0.1890625 0.075
6 0.65546875 0.43046875 0.175 0.0578125
5 0.38828125 0.61484375 0.1015625 0.0640625