6 0.43125 0.271875 0.146875 0.0578125
6 0.46640625 0.36796875 0.1359375 0.05625
6 0.47890625 0.70390625 0.1546875 0.0609375
6 0.63046875 0.509375 0.128125 0.0515625
6 0.6390625 0.5625 0.115625 0.0515625
6 0.6703125 0.6953125 0.1140625 0.0609375
6 0.59375 0.6703125 0.0984375 0.0484375
6 0.5875 0.7375 0.109375 0.05
6 0.68984375 0.8375 0.115625 0.0484375
6 0.73671875 0.7578125 0.11875 0.0390625
6 0.7125 0.80078125 0.10625 0.0421875
3 0.51171875 0.75390625 0.13125 0.0484375
4 0.5828125 0.68515625 0.028125 0.01875
3 0.709375 0.19375 0.090625 0.04375
5 0.55625 0.01015625 0.103125 0.0203125