5 0.17109375 0.5140625 0.153125 0.0734375
6 0.359375 0.2390625 0.1703125 0.0484375
6 0.49140625 0.14609375 0.1515625 0.0640625
6 0.63984375 0.20625 0.1546875 0.0671875
6 0.85703125 0.4359375 0.1328125 0.0625
6 0.35625 0.6046875 0.171875 0.096875
6 0.43046875 0.7625 0.1609375 0.071875
6 0.875 0.96328125 0.153125 0.0734375
3 0.55546875 0.90390625 0.140625 0.075
6 0.33125 0.8703125 0.1515625 0.0609375
6 0.33515625 0.81796875 0.18125 0.05
6 0.89921875 0.653125 0.10625 0.0765625
4 0.30703125 0.834375 0.0453125 0.0203125