6 0.91328125 0.6125 0.0765625 0.128125
5 0.8203125 0.484375 0.075 0.128125
6 0.696875 0.703125 0.059375 0.1421875
6 0.78125 0.5953125 0.0703125 0.103125
6 0.7875 0.30078125 0.05625 0.1203125
6 0.6828125 0.796875 0.0640625 0.1375
6 0.58125 0.5484375 0.0625 0.1359375
6 0.553125 0.446875 0.053125 0.1171875
4 0.540625 0.36796875 0.025 0.0484375
6 0.74375 0.35390625 0.053125 0.1046875
6 0.5546875 0.6171875 0.0625 0.1203125
6 0.48125 0.7609375 0.0609375 0.1234375
6 0.36796875 0.62421875 0.0546875 0.109375
5 0.29921875 0.56640625 0.046875 0.0921875
6 0.7328125 0.4328125 0.04375 0.103125
6 0.71640625 0.4609375 0.0484375 0.1
6 0.7546875 0.5328125 0.0609375 0.1234375