5 0.48125 0.14921875 0.1296875 0.05625
6 0.6453125 0.278125 0.159375 0.040625
6 0.67890625 0.38046875 0.171875 0.065625
6 0.509375 0.375 0.1484375 0.0375
6 0.73125 0.49140625 0.165625 0.059375
6 0.55703125 0.43046875 0.1328125 0.034375
6 0.4765625 0.47890625 0.1328125 0.0375
6 0.484375 0.5328125 0.1421875 0.0453125
6 0.378125 0.5921875 0.16875 0.0375
6 0.32578125 0.678125 0.1390625 0.040625
6 0.67265625 0.81328125 0.1359375 0.053125
6 0.83984375 0.671875 0.171875 0.053125
6 0.44921875 0.85234375 0.1453125 0.025
6 0.44921875 0.73125 0.1140625 0.0375
3 0.54296875 0.76328125 0.1171875 0.0375
3 0.2359375 0.6546875 0.078125 0.040625
4 0.471875 0.81328125 0.09375 0.0296875