6 0.50625 0.59609375 0.0484375 0.128125
6 0.7109375 0.5234375 0.0375 0.1203125
6 0.81015625 0.54609375 0.046875 0.115625
6 0.94921875 0.64375 0.0375 0.1296875
6 0.96640625 0.54140625 0.0390625 0.115625
6 0.6140625 0.57890625 0.0453125 0.1390625
6 0.57578125 0.58828125 0.0390625 0.1203125
6 0.74375 0.47421875 0.034375 0.10625
6 0.85 0.44765625 0.040625 0.1
6 0.88515625 0.43515625 0.04375 0.1015625
6 0.91484375 0.4140625 0.0484375 0.09375
5 0.50625 0.45625 0.0296875 0.06875
4 0.38671875 0.5671875 0.009375 0.021875
3 0.98984375 0.41015625 0.0203125 0.10625