6 0.80625 0.859375 0.04375 0.18125
6 0.74296875 0.5953125 0.0453125 0.1234375
6 0.6953125 0.4765625 0.05 0.1140625
6 0.734375 0.41484375 0.034375 0.078125
6 0.725 0.36875 0.040625 0.078125
6 0.66875 0.29296875 0.0453125 0.1109375
6 0.646875 0.21328125 0.021875 0.0875
6 0.62265625 0.21796875 0.0296875 0.0953125
6 0.4359375 0.4953125 0.025 0.0953125
6 0.42265625 0.3734375 0.0328125 0.0984375
6 0.42421875 0.28203125 0.021875 0.090625
6 0.30390625 0.246875 0.028125 0.075
6 0.20859375 0.228125 0.0171875 0.06875
6 0.1890625 0.2515625 0.0171875 0.078125
6 0.1140625 0.2734375 0.0296875 0.090625
6 0.0828125 0.57578125 0.0328125 0.1265625
3 0.53359375 0.3796875 0.0328125 0.0984375