6 0.2296875 0.80625 0.071875 0.1375
6 0.67890625 0.84765625 0.0890625 0.1515625
6 0.17421875 0.41875 0.065625 0.1078125
6 0.4078125 0.39921875 0.053125 0.0828125
6 0.365625 0.3421875 0.053125 0.09375
6 0.44609375 0.3203125 0.0546875 0.0890625
6 0.38984375 0.22734375 0.04375 0.078125
6 0.23984375 0.1609375 0.05625 0.0953125
6 0.61328125 0.33515625 0.0390625 0.0734375
6 0.67734375 0.22890625 0.0359375 0.059375
6 0.71484375 0.41953125 0.0453125 0.08125
6 0.71484375 0.51640625 0.0484375 0.090625
6 0.84140625 0.4421875 0.0453125 0.084375
6 0.759375 0.31015625 0.040625 0.071875
6 0.746875 0.2765625 0.034375 0.05625
6 0.96171875 0.37109375 0.0421875 0.0703125
6 0.9703125 0.45859375 0.0421875 0.0796875
6 0.94921875 0.54609375 0.053125 0.09375
3 0.91875 0.44921875 0.04375 0.0734375
4 0.22890625 0.41015625 0.01875 0.025