3 0.03984375 0.36796875 0.0375 0.0875
6 0.275 0.36328125 0.0546875 0.05625
6 0.440625 0.38984375 0.05 0.05
6 0.56953125 0.571875 0.03125 0.0859375
6 0.59453125 0.73046875 0.05 0.05
6 0.7109375 0.7109375 0.0359375 0.04375
6 0.72890625 0.52265625 0.05625 0.05625
6 0.69921875 0.24375 0.075 0.0734375
6 0.41171875 0.6328125 0.025 0.053125
6 0.365625 0.6390625 0.053125 0.0546875
5 0.246875 0.76171875 0.025 0.0265625
3 0.82109375 0.3859375 0.053125 0.0546875
6 0.8046875 0.43359375 0.053125 0.053125
6 0.96171875 0.55703125 0.05625 0.05625
6 0.9421875 0.44375 0.05 0.0515625
6 0.96953125 0.4546875 0.053125 0.053125
6 0.97578125 0.33046875 0.0484375 0.0609375
6 0.91171875 0.165625 0.0546875 0.0578125
6 0.8203125 0.04921875 0.084375 0.084375