1 0.190625 0.7375 0.034375 0.1171875
1 0.22890625 0.6984375 0.034375 0.10625
1 0.35625 0.83203125 0.0546875 0.1328125
1 0.4171875 0.7359375 0.046875 0.134375
1 0.50390625 0.7140625 0.040625 0.10625
1 0.52734375 0.68046875 0.0390625 0.1203125
1 0.5453125 0.68359375 0.0390625 0.1109375
1 0.56640625 0.71015625 0.0359375 0.1109375
1 0.6078125 0.64765625 0.0328125 0.0984375
1 0.63515625 0.64140625 0.0359375 0.1078125
1 0.653125 0.61015625 0.0296875 0.103125
1 0.6609375 0.62109375 0.034375 0.0984375
1 0.68203125 0.6265625 0.0421875 0.1046875
1 0.7140625 0.62890625 0.0328125 0.0828125
1 0.7359375 0.61796875 0.0359375 0.1140625
1 0.76875 0.59453125 0.034375 0.1046875