6 0.62109375 0.3921875 0.0578125 0.10625
6 0.24140625 0.26328125 0.053125 0.1078125
5 0.90390625 0.36328125 0.06875 0.1171875
6 0.671875 0.43203125 0.0640625 0.121875
6 0.56875 0.3234375 0.059375 0.1078125
6 0.459375 0.2921875 0.05 0.1015625
6 0.278125 0.3890625 0.05625 0.103125
6 0.5171875 0.56484375 0.0625 0.1265625
6 0.70625 0.55546875 0.0609375 0.13125
3 0.1296875 0.3546875 0.0546875 0.1234375
6 0.0890625 0.35546875 0.0609375 0.13125
6 0.20078125 0.6375 0.06875 0.1015625
6 0.3671875 0.45546875 0.046875 0.1
6 0.153125 0.06796875 0.0375 0.0796875
6 0.3484375 0.553125 0.0640625 0.140625
6 0.5046875 0.51328125 0.0546875 0.1125
6 0.46484375 0.2375 0.0421875 0.08125
4 0.37578125 0.503125 0.0203125 0.0296875