5 0.40078125 0.40390625 0.0421875 0.1484375
4 0.42421875 0.4015625 0.0234375 0.04375
6 0.29296875 0.71796875 0.08125 0.178125
6 0.39140625 0.5328125 0.0359375 0.1484375
6 0.421875 0.56328125 0.0421875 0.1515625
6 0.4421875 0.47109375 0.0390625 0.1421875
6 0.60859375 0.4921875 0.0546875 0.1265625
6 0.6671875 0.6609375 0.0390625 0.15
6 0.73828125 0.9328125 0.1078125 0.121875
6 0.859375 0.609375 0.05 0.1703125
6 0.9421875 0.428125 0.053125 0.1734375
3 0.80625 0.60859375 0.0453125 0.1515625
6 0.80234375 0.52734375 0.0390625 0.0484375
6 0.7859375 0.503125 0.021875 0.0890625
6 0.76875 0.49375 0.0328125 0.1296875
6 0.71875 0.403125 0.0296875 0.1296875
6 0.671875 0.37578125 0.0453125 0.1171875
6 0.67109375 0.4890625 0.034375 0.1765625