6 0.41875 0.05 0.1375 0.0296875
6 0.4671875 0.2453125 0.0953125 0.021875
6 0.30859375 0.59140625 0.121875 0.028125
6 0.36015625 0.42109375 0.1109375 0.0296875
6 0.47421875 0.32890625 0.0875 0.025
6 0.44609375 0.3953125 0.09375 0.015625
6 0.44453125 0.42109375 0.0875 0.01875
6 0.46015625 0.45390625 0.0828125 0.0140625
6 0.4453125 0.5015625 0.0984375 0.021875
6 0.40703125 0.52890625 0.0921875 0.0234375
6 0.4390625 0.54375 0.075 0.01875
6 0.446875 0.6 0.0828125 0.0125
6 0.4125 0.63046875 0.078125 0.01875
6 0.384375 0.63671875 0.090625 0.028125
5 0.44609375 0.67265625 0.08125 0.028125
3 0.390625 0.2609375 0.084375 0.021875
6 0.284375 0.2109375 0.1203125 0.028125