6 0.53515625 0.8703125 0.0734375 0.0734375
6 0.3921875 0.8859375 0.0609375 0.0609375
3 0.3578125 0.88203125 0.0515625 0.0515625
6 0.45703125 0.7890625 0.0765625 0.0765625
6 0.45234375 0.82578125 0.0765625 0.0765625
6 0.55859375 0.7609375 0.1046875 0.05625
6 0.45546875 0.6078125 0.084375 0.05625
3 0.5640625 0.609375 0.0828125 0.08125
6 0.49375 0.56015625 0.071875 0.0390625
6 0.45234375 0.56640625 0.0734375 0.0453125
6 0.4921875 0.48828125 0.0609375 0.0609375
6 0.696875 0.4484375 0.10625 0.0671875
6 0.53515625 0.421875 0.0734375 0.0734375
6 0.54609375 0.3625 0.0796875 0.0515625
6 0.66171875 0.29921875 0.0890625 0.0890625
6 0.675 0.2328125 0.0859375 0.0875
6 0.5875 0.2609375 0.0828125 0.0484375