1 0.07265625 0.359375 0.0703125 0.1203125
1 0.25625 0.25 0.071875 0.1171875
1 0.40390625 0.28984375 0.0640625 0.1
1 0.50859375 0.29921875 0.0625 0.0890625
1 0.415625 0.446875 0.0765625 0.1296875
1 0.4875 0.43828125 0.071875 0.1203125
1 0.5546875 0.31875 0.05625 0.0890625
1 0.6875 0.45625 0.0609375 0.10625
1 0.7921875 0.3921875 0.05 0.078125
1 0.83515625 0.5265625 0.06875 0.1015625
1 0.903125 0.56640625 0.0703125 0.1140625
1 0.46328125 0.86875 0.0953125 0.1640625
1 0.95703125 0.68515625 0.053125 0.109375
1 0.7546875 0.5609375 0.071875 0.121875