5 0.3265625 0.57578125 0.084375 0.0890625
3 0.33828125 0.86875 0.0796875 0.21875
6 0.46328125 0.7109375 0.05625 0.115625
6 0.46171875 0.828125 0.09375 0.1890625
6 0.5296875 0.79375 0.0875 0.165625
6 0.52578125 0.70078125 0.071875 0.1609375
6 0.63671875 0.68046875 0.053125 0.1609375
6 0.6375 0.55859375 0.0359375 0.128125
6 0.70234375 0.678125 0.0671875 0.1671875
6 0.98046875 0.68359375 0.0390625 0.15625
6 0.98125 0.58125 0.0375 0.084375
6 0.98359375 0.5296875 0.0328125 0.0703125
4 0.16171875 0.6109375 0.0234375 0.0671875