5 0.51328125 0.68984375 0.134375 0.0484375
3 0.8140625 0.65625 0.1828125 0.071875
4 0.59921875 0.38046875 0.0421875 0.0203125
6 0.5375 0.215625 0.146875 0.0515625
6 0.48125 0.04921875 0.1078125 0.04375
6 0.46171875 0.0203125 0.1171875 0.040625
6 0.51171875 0.02890625 0.1390625 0.05625
6 0.72265625 0.246875 0.1515625 0.0640625
6 0.696875 0.3109375 0.1625 0.05
6 0.7015625 0.365625 0.15 0.0453125
6 0.71484375 0.4046875 0.1296875 0.059375
6 0.79921875 0.3828125 0.1390625 0.05625
3 0.33046875 0.31796875 0.1296875 0.046875