6 0.53203125 0.55703125 0.1125 0.071875
6 0.6 0.4828125 0.1015625 0.065625
6 0.66015625 0.4109375 0.1140625 0.065625
6 0.65703125 0.36171875 0.1125 0.0609375
6 0.6921875 0.43125 0.0953125 0.053125
6 0.634375 0.48515625 0.0953125 0.0703125
4 0.58125 0.54609375 0.0296875 0.021875
6 0.25703125 0.73359375 0.1390625 0.075
6 0.04765625 0.8375 0.0953125 0.0875
6 0.746875 0.10234375 0.10625 0.065625
3 0.61875 0.0796875 0.1375 0.0859375
6 0.77578125 0.19765625 0.0984375 0.0546875
6 0.79296875 0.2921875 0.09375 0.05625