3 0.7984375 0.57890625 0.0484375 0.19375
6 0.57890625 0.29296875 0.0375 0.1109375
6 0.5515625 0.19765625 0.053125 0.1296875
4 0.503125 0.17109375 0.0171875 0.090625
6 0.6828125 0.6015625 0.0640625 0.1484375
6 0.8 0.7421875 0.040625 0.1203125
6 0.6984375 0.70234375 0.0328125 0.1328125
6 0.6421875 0.71484375 0.0375 0.1390625
6 0.575 0.596875 0.03125 0.1328125
6 0.53984375 0.6515625 0.034375 0.1421875
6 0.44296875 0.51875 0.0375 0.1421875
6 0.4953125 0.528125 0.05 0.1484375
6 0.48984375 0.6046875 0.040625 0.1234375
5 0.35703125 0.63125 0.078125 0.1453125