4 0.28203125 0.52890625 0.046875 0.0234375
6 0.6125 0.665625 0.1953125 0.0546875
6 0.39375 0.76875 0.1640625 0.028125
6 0.31015625 0.78359375 0.1328125 0.0328125
6 0.48125 0.49453125 0.1671875 0.059375
6 0.41171875 0.4140625 0.2078125 0.0609375
6 0.6328125 0.328125 0.1671875 0.0453125
6 0.70703125 0.12734375 0.1859375 0.05
6 0.5140625 0.075 0.1515625 0.065625
6 0.46640625 0.23984375 0.1421875 0.034375
6 0.3703125 0.278125 0.1359375 0.03125
6 0.53984375 0.01953125 0.1484375 0.0390625
6 0.41328125 0.16953125 0.1859375 0.046875
6 0.42109375 0.19609375 0.1390625 0.028125
6 0.2375 0.62265625 0.1109375 0.0328125
6 0.32109375 0.5921875 0.1234375 0.028125
6 0.28984375 0.571875 0.1171875 0.040625
3 0.40703125 0.6734375 0.209375 0.0546875