4 0.4765625 0.60625 0.0375 0.04375
6 0.315625 0.3546875 0.05 0.0515625
6 0.2265625 0.53984375 0.078125 0.078125
6 0.17734375 0.5515625 0.0890625 0.0890625
6 0.35078125 0.325 0.0578125 0.0578125
6 0.371875 0.46640625 0.0671875 0.0671875
6 0.30234375 0.78046875 0.0984375 0.0984375
6 0.44296875 0.4734375 0.065625 0.065625
6 0.55859375 0.484375 0.04375 0.0734375
6 0.64765625 0.45234375 0.0609375 0.0609375
6 0.5953125 0.76796875 0.06875 0.1359375
6 0.484375 0.8671875 0.09375 0.09375
6 0.34140625 0.26484375 0.0765625 0.0765625
6 0.62734375 0.271875 0.0359375 0.0484375
6 0.52890625 0.23828125 0.053125 0.0796875
6 0.75 0.46640625 0.0484375 0.046875
6 0.7703125 0.45859375 0.05 0.08125
5 0.9703125 0.38828125 0.0421875 0.0421875
3 0.48046875 0.43515625 0.0484375 0.0484375
6 0.759375 0.80703125 0.09375 0.09375