6 0.79296875 0.82265625 0.0828125 0.190625
6 0.7734375 0.56484375 0.0609375 0.1453125
6 0.7375 0.51015625 0.06875 0.1546875
6 0.4328125 0.6109375 0.0734375 0.15
6 0.31484375 0.74765625 0.06875 0.1640625
6 0.45390625 0.93671875 0.0859375 0.1265625
6 0.615625 0.38828125 0.0546875 0.1125
6 0.5015625 0.46484375 0.0484375 0.121875
6 0.43828125 0.47265625 0.0515625 0.1140625
6 0.375 0.46640625 0.059375 0.1390625
6 0.4796875 0.43671875 0.0453125 0.1140625
6 0.415625 0.40625 0.05 0.1125
5 0.2859375 0.340625 0.0546875 0.0984375
3 0.590625 0.59296875 0.0703125 0.146875
3 0.43828125 0.26484375 0.0515625 0.0953125
4 0.39140625 0.26640625 0.0203125 0.0328125
3 0.965625 0.27109375 0.040625 0.0765625