6 0.17578125 0.08359375 0.1046875 0.10625
6 0.19296875 0.5203125 0.090625 0.0890625
6 0.2609375 0.41328125 0.1171875 0.1171875
6 0.4515625 0.2109375 0.075 0.075
6 0.41953125 0.2796875 0.0578125 0.0578125
6 0.4015625 0.2984375 0.0625 0.0625
6 0.41640625 0.31484375 0.0890625 0.0359375
6 0.3765625 0.35859375 0.065625 0.0671875
6 0.45625 0.36875 0.0671875 0.06875
6 0.40546875 0.38828125 0.0671875 0.0640625
6 0.40546875 0.41953125 0.0671875 0.065625
6 0.41953125 0.4546875 0.071875 0.071875
6 0.3921875 0.471875 0.0984375 0.0328125
6 0.39296875 0.55703125 0.1 0.0328125
5 0.434375 0.50859375 0.06875 0.0671875
3 0.3390625 0.13515625 0.0734375 0.0734375