3 0.11953125 0.41953125 0.053125 0.0875
6 0.24375 0.490625 0.0671875 0.1109375
6 0.2859375 0.3828125 0.0515625 0.0859375
6 0.30078125 0.43828125 0.0578125 0.103125
6 0.35703125 0.39921875 0.046875 0.0859375
6 0.3265625 0.46015625 0.06875 0.0875
4 0.290625 0.47890625 0.0125 0.0171875
6 0.4546875 0.5609375 0.0703125 0.1125
6 0.50390625 0.60234375 0.0625 0.1078125
6 0.44765625 0.6921875 0.075 0.121875
6 0.58203125 0.67265625 0.065625 0.1015625
6 0.51796875 0.64375 0.065625 0.10625
5 0.57421875 0.59765625 0.05625 0.090625