1 0.5984375 0.05703125 0.103125 0.040625
1 0.68203125 0.3125 0.0828125 0.046875
1 0.6640625 0.409375 0.0734375 0.0390625
1 0.5546875 0.32578125 0.09375 0.046875
1 0.37734375 0.28125 0.1203125 0.0609375
1 0.353125 0.4234375 0.1171875 0.05625
1 0.5328125 0.43046875 0.1 0.05
1 0.56015625 0.56953125 0.0875 0.0359375
1 0.40859375 0.7203125 0.1046875 0.0390625
1 0.54375 0.76171875 0.090625 0.034375
1 0.653125 0.7625 0.0765625 0.0375
1 0.62734375 0.8 0.075 0.040625
1 0.51328125 0.87578125 0.096875 0.040625
1 0.1328125 0.25390625 0.1375 0.0546875
1 0.42421875 0.75703125 0.10625 0.0359375