6 0.42265625 0.96328125 0.1265625 0.0515625
6 0.521875 0.97265625 0.1171875 0.04375
6 0.74921875 0.9625 0.121875 0.0421875
6 0.4328125 0.8078125 0.1140625 0.0484375
6 0.60390625 0.728125 0.1328125 0.0546875
6 0.47109375 0.44453125 0.1078125 0.05
6 0.69609375 0.4359375 0.1234375 0.0453125
6 0.59921875 0.309375 0.1609375 0.053125
6 0.69453125 0.27265625 0.15625 0.06875
6 0.4 0.48203125 0.096875 0.0453125
6 0.34609375 0.55703125 0.1125 0.05
6 0.31484375 0.59921875 0.0828125 0.034375
6 0.4640625 0.60859375 0.0859375 0.0375
5 0.5453125 0.10859375 0.15 0.071875
3 0.47421875 0.725 0.115625 0.06875
4 0.7265625 0.4125 0.071875 0.0328125
6 0.3671875 0.5265625 0.1 0.046875
6 0.62421875 0.37109375 0.109375 0.0484375
6 0.74609375 0.4484375 0.1140625 0.04375