5 0.825 0.2859375 0.04375 0.125
4 0.2703125 0.67265625 0.0171875 0.0328125
6 0.25703125 0.61796875 0.0390625 0.115625
6 0.28984375 0.5453125 0.05 0.0984375
6 0.309375 0.5234375 0.04375 0.096875
6 0.3 0.62734375 0.046875 0.14375
6 0.3859375 0.52265625 0.05625 0.15
6 0.3875 0.65546875 0.0703125 0.1765625
6 0.49140625 0.58984375 0.0671875 0.1546875
6 0.609375 0.5546875 0.0546875 0.1375
6 0.78359375 0.4171875 0.0515625 0.121875
6 0.809375 0.56171875 0.05 0.1390625
3 0.8953125 0.628125 0.05 0.140625
6 0.98515625 0.340625 0.0296875 0.1375