5 0.67734375 0.1921875 0.0671875 0.046875
6 0.596875 0.31328125 0.1015625 0.05
6 0.3703125 0.15 0.1359375 0.0671875
6 0.21875 0.31640625 0.1859375 0.090625
6 0.4984375 0.3375 0.103125 0.053125
6 0.5609375 0.36875 0.1046875 0.05625
3 0.39609375 0.52578125 0.121875 0.0625
6 0.43828125 0.4625 0.1234375 0.0609375
6 0.51796875 0.66328125 0.1 0.046875
6 0.4203125 0.575 0.115625 0.0484375
6 0.32734375 0.62421875 0.1265625 0.059375
6 0.25625 0.6890625 0.1359375 0.05625
6 0.278125 0.86875 0.1359375 0.0625
6 0.44375 0.8953125 0.125 0.0640625
6 0.55859375 0.84765625 0.0734375 0.0453125
3 0.634375 0.86015625 0.046875 0.0234375