6 0.2421875 0.46328125 0.1328125 0.0390625
6 0.32421875 0.31796875 0.1203125 0.0328125
6 0.39921875 0.35234375 0.128125 0.028125
6 0.409375 0.25859375 0.096875 0.025
6 0.403125 0.115625 0.096875 0.0203125
6 0.43203125 0.1109375 0.090625 0.0203125
6 0.4375 0.1515625 0.0890625 0.0359375
6 0.50078125 0.29453125 0.1140625 0.0328125
6 0.53828125 0.18046875 0.0953125 0.021875
6 0.5359375 0.11484375 0.0953125 0.03125
6 0.5453125 0.165625 0.090625 0.0296875
4 0.4515625 0.4296875 0.015625 0.0109375
3 0.60078125 0.20234375 0.0921875 0.03125
5 0.5359375 0.73671875 0.1109375 0.0234375