3 0.37578125 0.68046875 0.090625 0.15625
6 0.08359375 0.68671875 0.1265625 0.2140625
6 0.02890625 0.56328125 0.0578125 0.1359375
6 0.1125 0.425 0.084375 0.178125
6 0.2515625 0.46953125 0.0875 0.1578125
6 0.31328125 0.46171875 0.0765625 0.15
6 0.3703125 0.50234375 0.0578125 0.1046875
6 0.34609375 0.41640625 0.0515625 0.10625
6 0.5125 0.46171875 0.0828125 0.115625
6 0.49453125 0.5828125 0.0859375 0.1421875
6 0.6625 0.6875 0.1140625 0.171875
6 0.79296875 0.54453125 0.078125 0.15
6 0.8421875 0.521875 0.0859375 0.140625
6 0.43125 0.50390625 0.0640625 0.1421875
6 0.45859375 0.45546875 0.0828125 0.16875
5 0.58671875 0.440625 0.075 0.1390625