3 0.46640625 0.19296875 0.1984375 0.1140625
6 0.278125 0.50078125 0.1171875 0.075
6 0.19921875 0.56015625 0.140625 0.0953125
4 0.1921875 0.61484375 0.090625 0.05
6 0.5296875 0.29296875 0.1609375 0.1140625
6 0.61875 0.1328125 0.128125 0.08125
6 0.61796875 0.2421875 0.1359375 0.0796875
6 0.65 0.290625 0.14375 0.084375
6 0.56328125 0.3953125 0.134375 0.0765625
6 0.62734375 0.40859375 0.14375 0.0828125
6 0.53828125 0.546875 0.146875 0.0859375
6 0.528125 0.49453125 0.1578125 0.1
6 0.6015625 0.471875 0.1296875 0.08125
5 0.6734375 0.58671875 0.1625 0.125