3 0.5671875 0.1734375 0.1234375 0.0609375
6 0.90078125 0.33359375 0.1984375 0.0671875
6 0.69375 0.5140625 0.140625 0.08125
6 0.778125 0.70234375 0.15625 0.075
6 0.8234375 0.8078125 0.165625 0.0703125
6 0.64296875 0.35625 0.1578125 0.0703125
6 0.58984375 0.459375 0.1078125 0.0515625
6 0.55390625 0.4109375 0.09375 0.05
6 0.48984375 0.41875 0.1140625 0.0375
6 0.48046875 0.253125 0.1453125 0.065625
6 0.52265625 0.22421875 0.18125 0.0625
6 0.44375 0.3125 0.1234375 0.0515625
6 0.52265625 0.3515625 0.1015625 0.053125
5 0.475 0.5046875 0.109375 0.0703125