6 0.48046875 0.3484375 0.1578125 0.0765625
6 0.36875 0.209375 0.19375 0.1109375
6 0.33046875 0.11640625 0.1921875 0.125
6 0.35 0.5375 0.15 0.0703125
6 0.371875 0.56796875 0.1515625 0.071875
6 0.3296875 0.58828125 0.153125 0.09375
6 0.47421875 0.60234375 0.115625 0.0546875
6 0.48359375 0.62890625 0.1390625 0.075
6 0.459375 0.65859375 0.15 0.0859375
6 0.51484375 0.46953125 0.1109375 0.0640625
6 0.43515625 0.4359375 0.153125 0.0921875
6 0.49296875 0.3984375 0.1515625 0.075
6 0.4828125 0.34921875 0.1703125 0.0890625
5 0.39296875 0.284375 0.1421875 0.09375
3 0.26484375 0.4625 0.1796875 0.10625
4 0.57578125 0.08671875 0.0328125 0.0203125