1 0.0984375 0.71875 0.0390625 0.1171875
1 0.14921875 0.475 0.0296875 0.0953125
1 0.25859375 0.47578125 0.0359375 0.096875
1 0.35390625 0.54453125 0.0515625 0.0875
1 0.4265625 0.52890625 0.0375 0.090625
1 0.45625 0.80546875 0.0390625 0.153125
1 0.27578125 0.68828125 0.034375 0.1375
1 0.33046875 0.9265625 0.0421875 0.140625
1 0.540625 0.6875 0.0296875 0.10625
1 0.62890625 0.50078125 0.03125 0.090625
1 0.725 0.75078125 0.0359375 0.09375
1 0.76484375 0.728125 0.0453125 0.1171875
1 0.6890625 0.7140625 0.046875 0.128125
1 0.68671875 0.64609375 0.0171875 0.0484375