6 0.17265625 0.76328125 0.08125 0.15625
6 0.42265625 0.8421875 0.0921875 0.1703125
6 0.459375 0.5546875 0.0703125 0.128125
6 0.51328125 0.525 0.0671875 0.125
6 0.540625 0.403125 0.0453125 0.09375
6 0.37265625 0.50859375 0.05 0.09375
6 0.340625 0.48671875 0.046875 0.09375
6 0.36484375 0.58671875 0.0609375 0.10625
6 0.61015625 0.584375 0.0640625 0.1328125
6 0.6859375 0.6109375 0.0640625 0.14375
6 0.88515625 0.5296875 0.0765625 0.15
6 0.77265625 0.359375 0.05625 0.1125
6 0.71015625 0.28046875 0.046875 0.0828125
3 0.70625 0.2015625 0.034375 0.0546875
3 0.63203125 0.56640625 0.075 0.1234375
4 0.3 0.52734375 0.021875 0.03125
5 0.059375 0.4765625 0.0484375 0.06875