1 0.12109375 0.57109375 0.14375 0.05625
1 0.17578125 0.62109375 0.1078125 0.0578125
1 0.2625 0.6546875 0.103125 0.05625
1 0.21484375 0.71796875 0.134375 0.053125
1 0.25 0.7515625 0.1171875 0.0671875
1 0.15390625 0.78828125 0.1515625 0.0640625
1 0.2640625 0.80703125 0.115625 0.0453125
1 0.209375 0.8421875 0.134375 0.0515625
1 0.24921875 0.8453125 0.115625 0.0453125
1 0.21015625 0.971875 0.0984375 0.05
1 0.3625 0.925 0.1265625 0.0484375
1 0.334375 0.97578125 0.109375 0.0484375
1 0.43671875 0.946875 0.1234375 0.05625
1 0.41171875 0.96953125 0.05625 0.028125
1 0.26953125 0.43984375 0.0625 0.0671875