6 0.4859375 0.49375 0.0328125 0.0765625
6 0.70390625 0.71640625 0.0453125 0.10625
6 0.246875 0.68046875 0.040625 0.1125
6 0.21171875 0.66015625 0.04375 0.11875
6 0.08828125 0.6375 0.04375 0.1125
6 0.1125 0.65625 0.0484375 0.1015625
6 0.14375 0.6796875 0.046875 0.115625
6 0.175 0.67265625 0.046875 0.1203125
6 0.36328125 0.878125 0.05 0.121875
6 0.565625 0.9140625 0.0515625 0.128125
6 0.67421875 0.84609375 0.0515625 0.128125
6 0.734375 0.6828125 0.046875 0.1125
6 0.8546875 0.78359375 0.046875 0.109375
6 0.8859375 0.72578125 0.05 0.125
3 0.17734375 0.5109375 0.0453125 0.0859375
4 0.49140625 0.3546875 0.0078125 0.015625
5 0.53984375 0.3171875 0.04375 0.05