6 0.40390625 0.30625 0.071875 0.1390625
6 0.87734375 0.18828125 0.090625 0.1484375
6 0.7625 0.53359375 0.0609375 0.1140625
6 0.82890625 0.484375 0.05625 0.1140625
6 0.396875 0.59921875 0.0640625 0.103125
6 0.53359375 0.6171875 0.06875 0.1078125
6 0.58359375 0.5875 0.065625 0.109375
6 0.61328125 0.66875 0.0625 0.1
6 0.66328125 0.6453125 0.059375 0.096875
6 0.72421875 0.69609375 0.05625 0.0875
6 0.72578125 0.64453125 0.0453125 0.0796875
6 0.246875 0.54921875 0.0625 0.1140625
6 0.28203125 0.61953125 0.0640625 0.103125
6 0.24375 0.58671875 0.0671875 0.115625
4 0.72734375 0.60390625 0.0171875 0.021875
5 0.146875 0.7296875 0.0640625 0.13125