6 0.54609375 0.546875 0.0453125 0.103125
6 0.45625 0.59140625 0.0421875 0.09375
6 0.3703125 0.6296875 0.0375 0.10625
6 0.3234375 0.61328125 0.0328125 0.1078125
6 0.38125 0.66640625 0.0296875 0.090625
6 0.44921875 0.625 0.0484375 0.0890625
4 0.521875 0.59140625 0.015625 0.0265625
6 0.79140625 0.33046875 0.0390625 0.13125
6 0.959375 0.125 0.0453125 0.159375
6 0.05 0.62734375 0.0390625 0.1
3 0.06328125 0.4984375 0.0515625 0.1296875
6 0.13359375 0.68203125 0.0296875 0.09375
6 0.21953125 0.72421875 0.0328125 0.0890625