6 0.50390625 0.1953125 0.1421875 0.05625
6 0.50078125 0.2265625 0.1046875 0.0515625
6 0.540625 0.26328125 0.0828125 0.0265625
6 0.46640625 0.28671875 0.234375 0.0765625
5 0.446875 0.33125 0.228125 0.071875
6 0.52578125 0.39375 0.1625 0.0546875
6 0.5421875 0.4296875 0.1296875 0.0453125
6 0.38671875 0.45703125 0.4140625 0.1296875
3 0.5578125 0.50625 0.1109375 0.053125
6 0.59609375 0.68125 0.0828125 0.03125
6 0.60078125 0.71796875 0.046875 0.0265625
6 0.4890625 0.77265625 0.34375 0.1015625
6 0.53515625 0.86484375 0.240625 0.0734375
6 0.421875 0.83046875 0.4640625 0.11875
4 0.05 0.53515625 0.1 0.1140625