6 0.74375 0.92265625 0.10625 0.034375
6 0.5625 0.83359375 0.09375 0.025
6 0.47578125 0.70390625 0.053125 0.0203125
6 0.61875 0.68515625 0.0859375 0.021875
6 0.559375 0.6390625 0.075 0.0265625
6 0.5265625 0.63359375 0.0703125 0.028125
6 0.4359375 0.51015625 0.0453125 0.0265625
6 0.5609375 0.51328125 0.065625 0.028125
6 0.49609375 0.496875 0.0625 0.0296875
6 0.615625 0.48515625 0.065625 0.01875
6 0.85703125 0.546875 0.0953125 0.0453125
6 0.77109375 0.2046875 0.128125 0.0265625
6 0.5953125 0.41015625 0.1015625 0.0203125
6 0.55078125 0.328125 0.0953125 0.0390625
6 0.46484375 0.30859375 0.0578125 0.034375
6 0.534375 0.215625 0.1046875 0.0234375
6 0.61875 0.15 0.109375 0.0296875
4 0.57109375 0.3859375 0.0265625 0.015625
3 0.66640625 0.50078125 0.0859375 0.015625
6 0.69140625 0.5265625 0.065625 0.0265625
6 0.66640625 0.53203125 0.059375 0.0140625
3 0.9203125 0.50859375 0.103125 0.025