6 0.50390625 0.25 0.0859375 0.146875
6 0.58515625 0.6046875 0.0703125 0.1015625
6 0.70625 0.58203125 0.0703125 0.115625
6 0.225 0.4875 0.06875 0.121875
6 0.1234375 0.40703125 0.0765625 0.115625
6 0.3890625 0.56875 0.06875 0.1125
6 0.44921875 0.625 0.0578125 0.096875
6 0.37421875 0.659375 0.065625 0.0921875
6 0.2546875 0.6734375 0.0625 0.0921875
6 0.74296875 0.6078125 0.059375 0.0984375
6 0.72265625 0.6421875 0.065625 0.109375
6 0.328125 0.64765625 0.046875 0.0625
4 0.31875 0.6171875 0.0140625 0.01875
3 0.1171875 0.51171875 0.0625 0.1109375