6 0.084375 0.290625 0.146875 0.0375
6 0.21875 0.8234375 0.1328125 0.0484375
6 0.57890625 0.8703125 0.0984375 0.025
6 0.746875 0.84453125 0.0515625 0.0203125
6 0.66484375 0.8796875 0.0703125 0.021875
6 0.5421875 0.7046875 0.09375 0.025
6 0.73515625 0.62421875 0.0703125 0.0125
6 0.75546875 0.5515625 0.053125 0.0125
6 0.7765625 0.50625 0.053125 0.015625
6 0.5328125 0.4125 0.096875 0.0203125
6 0.63984375 0.4015625 0.0765625 0.0171875
6 0.659375 0.40703125 0.0703125 0.0140625
3 0.66796875 0.7921875 0.071875 0.0234375
6 0.478125 0.15625 0.0875 0.0296875
6 0.5953125 0.240625 0.0796875 0.0234375
6 0.684375 0.240625 0.084375 0.0203125
6 0.696875 0.05 0.0765625 0.01875
4 0.559375 0.246875 0.025 0.0140625
6 0.62109375 0.65078125 0.0640625 0.0203125