3 0.15390625 0.35859375 0.0265625 0.109375
6 0.19921875 0.26953125 0.021875 0.0921875
6 0.2828125 0.390625 0.0359375 0.1046875
6 0.33203125 0.475 0.03125 0.103125
6 0.4171875 0.3078125 0.03125 0.0859375
6 0.53359375 0.39921875 0.0375 0.1015625
6 0.6875 0.52421875 0.028125 0.0921875
6 0.58359375 0.49765625 0.04375 0.121875
6 0.56484375 0.371875 0.034375 0.1
6 0.4953125 0.27578125 0.0328125 0.0859375
6 0.52109375 0.27421875 0.0296875 0.0703125
4 0.53046875 0.31796875 0.0125 0.021875
5 0.68046875 0.34609375 0.03125 0.1078125