6 0.3921875 0.2203125 0.1328125 0.05625
6 0.440625 0.33046875 0.08125 0.05
6 0.46953125 0.3921875 0.1078125 0.05625
6 0.478125 0.6921875 0.1265625 0.059375
6 0.56328125 0.87890625 0.11875 0.0515625
6 0.6546875 0.76171875 0.0890625 0.0390625
6 0.57734375 0.696875 0.0890625 0.05625
6 0.575 0.6578125 0.1140625 0.05
6 0.5453125 0.5484375 0.1109375 0.053125
6 0.49296875 0.48203125 0.1140625 0.05
6 0.36796875 0.96640625 0.1109375 0.05625
6 0.421875 0.98359375 0.140625 0.0328125
6 0.48515625 0.66171875 0.1234375 0.0546875
3 0.61796875 0.9515625 0.1390625 0.0390625
5 0.50546875 0.47734375 0.125 0.046875