6 0.31484375 0.31875 0.075 0.1265625
6 0.38203125 0.44140625 0.06875 0.109375
6 0.42734375 0.33671875 0.0703125 0.115625
6 0.5234375 0.259375 0.078125 0.128125
6 0.46015625 0.30625 0.0625 0.115625
6 0.17734375 0.2796875 0.0890625 0.1375
6 0.11015625 0.2671875 0.071875 0.109375
6 0.08828125 0.4390625 0.059375 0.0984375
6 0.1953125 0.42734375 0.0578125 0.0984375
6 0.14453125 0.35703125 0.0484375 0.08125
6 0.33359375 0.28984375 0.06875 0.1171875
6 0.153125 0.40859375 0.0515625 0.09375
6 0.1796875 0.34140625 0.059375 0.0875
3 0.25546875 0.48203125 0.071875 0.1078125
4 0.46875 0.42421875 0.01875 0.025
5 0.7328125 0.61015625 0.059375 0.1046875