1 0.63359375 0.61796875 0.0953125 0.0390625
1 0.46875 0.634375 0.09375 0.0265625
1 0.35 0.68203125 0.0875 0.0390625
1 0.45390625 0.89609375 0.0875 0.028125
1 0.87890625 0.90703125 0.1390625 0.0328125
1 0.8625 0.6125 0.1328125 0.034375
1 0.63671875 0.4703125 0.0984375 0.0203125
1 0.46171875 0.521875 0.0859375 0.0234375
1 0.42890625 0.38203125 0.084375 0.028125
1 0.34453125 0.4453125 0.084375 0.028125
1 0.31171875 0.171875 0.078125 0.0265625
1 0.41015625 0.14453125 0.09375 0.021875
1 0.41796875 0.053125 0.0984375 0.021875
1 0.55078125 0.16875 0.109375 0.03125
1 0.27578125 0.2859375 0.0671875 0.0265625
1 0.96171875 0.3796875 0.0765625 0.03125