6 0.409375 0.5328125 0.1375 0.0828125
6 0.5359375 0.709375 0.1265625 0.06875
6 0.54140625 0.8109375 0.1234375 0.0765625
6 0.48515625 0.9671875 0.1359375 0.065625
6 0.5890625 0.959375 0.121875 0.06875
6 0.45546875 0.63125 0.146875 0.0828125
6 0.4359375 0.596875 0.1265625 0.0703125
6 0.5921875 0.72734375 0.1109375 0.0625
6 0.646875 0.821875 0.1078125 0.0671875
6 0.66875 0.85234375 0.109375 0.0703125
6 0.696875 0.875 0.103125 0.071875
5 0.54375 0.49375 0.075 0.0484375
4 0.40390625 0.409375 0.0234375 0.015625
3 0.72109375 0.94609375 0.1078125 0.0484375