6 0.2796875 0.29765625 0.075 0.1671875
6 0.428125 0.4359375 0.0375 0.1828125
6 0.3875 0.47890625 0.0546875 0.1515625
6 0.6140625 0.49296875 0.0703125 0.1515625
6 0.45625 0.53359375 0.0484375 0.140625
6 0.65859375 0.3171875 0.059375 0.1828125
3 0.80234375 0.371875 0.0484375 0.1484375
6 0.8640625 0.384375 0.06875 0.1640625
6 0.95078125 0.55703125 0.0484375 0.134375
6 0.7234375 0.609375 0.034375 0.1234375
6 0.675 0.6171875 0.0328125 0.0703125
6 0.66953125 0.4953125 0.0484375 0.153125
5 0.40703125 0.6171875 0.0359375 0.1234375
4 0.43046875 0.60234375 0.03125 0.0546875
6 0.76484375 0.459375 0.0359375 0.1671875
6 0.703125 0.04921875 0.075 0.0984375