5 0.6359375 0.8 0.1046875 0.1609375
6 0.31015625 0.728125 0.0875 0.171875
6 0.175 0.640625 0.096875 0.1578125
6 0.175 0.48046875 0.1015625 0.1609375
6 0.30703125 0.19296875 0.090625 0.1390625
6 0.65078125 0.59375 0.1328125 0.184375
6 0.76875 0.465625 0.10625 0.16875
6 0.79140625 0.02890625 0.1109375 0.0578125
3 0.85390625 0.296875 0.1046875 0.15
6 0.90625 0.5171875 0.09375 0.15625
6 0.85703125 0.53359375 0.090625 0.18125
6 0.49296875 0.07265625 0.096875 0.11875
4 0.88203125 0.55390625 0.03125 0.046875