6 0.70390625 0.428125 0.1390625 0.0578125
6 0.76328125 0.9125 0.1453125 0.0765625
6 0.43515625 0.75625 0.1140625 0.0484375
6 0.475 0.828125 0.1140625 0.04375
6 0.4140625 0.3859375 0.1015625 0.0515625
6 0.3796875 0.51875 0.10625 0.059375
6 0.403125 0.57265625 0.1078125 0.0546875
6 0.31875 0.59140625 0.0984375 0.053125
6 0.3359375 0.64453125 0.0953125 0.05
6 0.278125 0.6984375 0.0859375 0.05
6 0.3296875 0.70625 0.078125 0.0375
6 0.48203125 0.24296875 0.1125 0.05
6 0.4078125 0.26875 0.1015625 0.053125
6 0.4453125 0.23515625 0.1140625 0.05625
4 0.36953125 0.71328125 0.021875 0.015625
5 0.31484375 0.121875 0.1328125 0.05