6 0.04296875 0.4328125 0.0515625 0.1328125
6 0.3546875 0.42890625 0.0453125 0.115625
6 0.44296875 0.43046875 0.040625 0.1234375
6 0.28046875 0.5515625 0.0390625 0.109375
6 0.34140625 0.6171875 0.034375 0.0953125
3 0.409375 0.57265625 0.0359375 0.1046875
6 0.4546875 0.7046875 0.0375 0.096875
6 0.59296875 0.73828125 0.03125 0.0796875
6 0.49609375 0.74140625 0.0296875 0.0796875
6 0.690625 0.33984375 0.0453125 0.134375
6 0.72265625 0.6390625 0.0328125 0.0859375
6 0.859375 0.34453125 0.0515625 0.146875
6 0.9578125 0.69453125 0.05625 0.0796875
4 0.69140625 0.61484375 0.0203125 0.0234375