6 0.26171875 0.315625 0.0671875 0.1109375
6 0.378125 0.32265625 0.0640625 0.0984375
6 0.43828125 0.31484375 0.065625 0.1046875
6 0.44765625 0.41328125 0.08125 0.1234375
6 0.5890625 0.35703125 0.0734375 0.1296875
6 0.63515625 0.4078125 0.0859375 0.159375
6 0.5875 0.48359375 0.0703125 0.1171875
6 0.6609375 0.565625 0.1 0.159375
6 0.51484375 0.60625 0.075 0.115625
6 0.23984375 0.5 0.0640625 0.109375
3 0.27734375 0.42578125 0.0640625 0.0984375
6 0.49375 0.93671875 0.0875 0.1265625
6 0.6046875 0.76015625 0.096875 0.1390625
5 0.9421875 0.6484375 0.1 0.140625
6 0.36796875 0.27734375 0.06875 0.1140625