3 0.23828125 0.71328125 0.0875 0.1453125
3 0.984375 0.75625 0.03125 0.125
6 0.43359375 0.87578125 0.09375 0.1515625
6 0.39375 0.834375 0.0765625 0.1328125
6 0.17578125 0.97734375 0.0984375 0.0453125
6 0.14921875 0.80078125 0.075 0.13125
6 0.19765625 0.778125 0.0875 0.146875
6 0.09453125 0.5734375 0.0671875 0.1375
6 0.35546875 0.52890625 0.071875 0.115625
6 0.4328125 0.625 0.0671875 0.1046875
6 0.4015625 0.46875 0.0890625 0.1203125
6 0.5109375 0.54296875 0.065625 0.11875
6 0.540625 0.60703125 0.0625 0.0890625
6 0.70625 0.67421875 0.078125 0.15
6 0.67109375 0.690625 0.090625 0.1515625
5 0.59765625 0.43125 0.09375 0.1484375
6 0.08125 0.61171875 0.0828125 0.140625