6 0.0984375 0.45078125 0.04375 0.1546875
6 0.16875 0.32734375 0.0375 0.1546875
6 0.259375 0.42578125 0.040625 0.1421875
6 0.34921875 0.403125 0.053125 0.1140625
6 0.4390625 0.41796875 0.0421875 0.1203125
6 0.5203125 0.41953125 0.0328125 0.1109375
6 0.61484375 0.58203125 0.0515625 0.1578125
6 0.67421875 0.68828125 0.0359375 0.1421875
6 0.77890625 0.68515625 0.075 0.1609375
6 0.115625 0.58828125 0.040625 0.1390625
5 0.13125 0.51875 0.040625 0.09375
6 0.1984375 0.4734375 0.046875 0.1453125
6 0.5046875 0.4828125 0.04375 0.1140625
6 0.42109375 0.49375 0.0375 0.0984375
5 0.8671875 0.515625 0.0578125 0.1171875
4 0.6078125 0.44765625 0.034375 0.0625