6 0.06953125 0.43125 0.0421875 0.1
3 0.1609375 0.509375 0.0421875 0.103125
6 0.2078125 0.49921875 0.0375 0.1171875
6 0.30703125 0.4375 0.0359375 0.1046875
6 0.3328125 0.48046875 0.0359375 0.096875
6 0.35078125 0.51875 0.0375 0.1046875
6 0.38046875 0.4296875 0.0390625 0.096875
6 0.38046875 0.50234375 0.0390625 0.084375
6 0.46171875 0.5421875 0.0359375 0.0953125
6 0.49296875 0.5625 0.034375 0.0984375
6 0.51484375 0.57890625 0.0328125 0.096875
6 0.5453125 0.61015625 0.0375 0.1078125
6 0.51640625 0.6875 0.0453125 0.1296875
6 0.63984375 0.64453125 0.040625 0.13125
5 0.63671875 0.5734375 0.0390625 0.0890625