6 0.15 0.80703125 0.0890625 0.15
6 0.69453125 0.88203125 0.09375 0.140625
6 0.87265625 0.565625 0.059375 0.1
6 0.91171875 0.4 0.0375 0.0546875
6 0.9140625 0.4890625 0.046875 0.0734375
6 0.70546875 0.5375 0.0578125 0.096875
6 0.703125 0.328125 0.0375 0.0703125
6 0.64375 0.2828125 0.03125 0.0546875
6 0.609375 0.24609375 0.034375 0.0546875
6 0.43125 0.43671875 0.0546875 0.096875
6 0.4609375 0.33359375 0.04375 0.0765625
6 0.4734375 0.3171875 0.0390625 0.0703125
3 0.83359375 0.45390625 0.0484375 0.075
6 0.1734375 0.39140625 0.0609375 0.0921875
6 0.2953125 0.31484375 0.0515625 0.0828125
6 0.32890625 0.23203125 0.05 0.0859375
6 0.15625 0.14921875 0.0453125 0.0765625
4 0.2875 0.35 0.021875 0.028125
6 0.68515625 0.44453125 0.0421875 0.0671875