6 0.08203125 0.40390625 0.0453125 0.13125
3 0.2625 0.52421875 0.034375 0.115625
6 0.28828125 0.67734375 0.04375 0.16875
6 0.35546875 0.7296875 0.0265625 0.1609375
6 0.3671875 0.57578125 0.0375 0.1375
6 0.39296875 0.471875 0.05625 0.1078125
6 0.5046875 0.4171875 0.0265625 0.103125
6 0.53203125 0.42578125 0.053125 0.1015625
6 0.52890625 0.51171875 0.028125 0.10625
6 0.6203125 0.4703125 0.0296875 0.1375
6 0.65234375 0.66640625 0.0421875 0.140625
6 0.72734375 0.50546875 0.0375 0.125
6 0.80703125 0.65859375 0.046875 0.1375
6 0.86328125 0.60546875 0.0296875 0.1296875
6 0.88203125 0.603125 0.034375 0.090625
6 0.28515625 0.9421875 0.0375 0.1078125
4 0.47265625 0.35234375 0.0109375 0.025