6 0.5140625 0.43046875 0.059375 0.1109375
6 0.35625 0.2515625 0.0515625 0.103125
6 0.02578125 0.4984375 0.0515625 0.146875
6 0.284375 0.1921875 0.0484375 0.103125
6 0.45234375 0.47734375 0.0609375 0.1203125
6 0.21953125 0.29140625 0.053125 0.1125
6 0.76875 0.58984375 0.065625 0.146875
6 0.27265625 0.3796875 0.05625 0.1140625
5 0.87890625 0.465625 0.0640625 0.11875
6 0.38359375 0.35 0.053125 0.1171875
6 0.31875 0.30546875 0.04375 0.0890625
6 0.2953125 0.29765625 0.04375 0.0859375
4 0.3765625 0.45078125 0.01875 0.028125