6 0.43828125 0.6828125 0.0796875 0.05625
6 0.5125 0.6765625 0.146875 0.103125
6 0.55 0.9046875 0.1375 0.08125
6 0.6109375 0.746875 0.14375 0.078125
6 0.5875 0.73203125 0.1375 0.06875
6 0.890625 0.79140625 0.184375 0.0953125
6 0.9625 0.67890625 0.075 0.0921875
6 0.7046875 0.496875 0.1703125 0.0953125
6 0.53515625 0.5859375 0.1671875 0.090625
6 0.56640625 0.61875 0.1640625 0.0828125
3 0.69140625 0.590625 0.1734375 0.1015625
6 0.48046875 0.4609375 0.1578125 0.09375
6 0.60234375 0.14765625 0.1875 0.109375
6 0.4953125 0.3546875 0.1296875 0.0734375
5 0.38984375 0.4109375 0.11875 0.0796875
6 0.53515625 0.3703125 0.1265625 0.0796875
6 0.48359375 0.39765625 0.121875 0.0625
4 0.38359375 0.25859375 0.034375 0.028125