6 0.07421875 0.4296875 0.0546875 0.0734375
6 0.09140625 0.53203125 0.053125 0.0578125
6 0.0953125 0.7578125 0.0625 0.1234375
6 0.22578125 0.9609375 0.0546875 0.078125
6 0.19296875 0.5984375 0.0484375 0.09375
6 0.2515625 0.5578125 0.0484375 0.09375
6 0.26640625 0.28359375 0.0421875 0.0796875
6 0.3765625 0.4609375 0.0515625 0.06875
3 0.29140625 0.5046875 0.0609375 0.0796875
6 0.55390625 0.70625 0.0421875 0.0890625
6 0.5171875 0.90703125 0.046875 0.0984375
4 0.3578125 0.91328125 0.0203125 0.0375
3 0.8625 0.5046875 0.034375 0.075
5 0.68671875 0.19453125 0.0234375 0.04375
6 0.5671875 0.31953125 0.0265625 0.046875
6 0.540625 0.35234375 0.0359375 0.0578125
6 0.46171875 0.37265625 0.0359375 0.0671875
6 0.36953125 0.2578125 0.01875 0.04375
3 0.046875 0.28515625 0.025 0.040625
5 0.81171875 0.7296875 0.040625 0.1078125
5 0.91015625 0.55625 0.0375 0.0859375
6 0.82421875 0.8640625 0.053125 0.121875