6 0.08203125 0.21875 0.06875 0.1453125
6 0.4125 0.1734375 0.078125 0.140625
3 0.31328125 0.40703125 0.090625 0.134375
6 0.45078125 0.47578125 0.0796875 0.16875
6 0.409375 0.6484375 0.0890625 0.1515625
6 0.54921875 0.53984375 0.06875 0.1390625
6 0.6078125 0.4296875 0.046875 0.1078125
6 0.634375 0.42109375 0.05 0.134375
6 0.75234375 0.4359375 0.0515625 0.14375
6 0.7265625 0.61171875 0.05625 0.10625
6 0.67421875 0.57890625 0.0546875 0.1
6 0.7953125 0.53515625 0.071875 0.13125
6 0.83046875 0.7109375 0.071875 0.15
6 0.884375 0.64375 0.0640625 0.134375
4 0.57421875 0.58046875 0.0234375 0.040625