3 0.91953125 0.396875 0.121875 0.165625
3 0.86484375 0.77578125 0.08125 0.1734375
6 0.38828125 0.82421875 0.109375 0.190625
6 0.4125 0.6046875 0.08125 0.1265625
6 0.4875 0.48359375 0.0828125 0.1390625
6 0.515625 0.63515625 0.0984375 0.16875
6 0.5515625 0.603125 0.08125 0.1484375
6 0.63828125 0.55546875 0.109375 0.1671875
6 0.615625 0.6421875 0.0703125 0.128125
6 0.61640625 0.70390625 0.0875 0.1515625
6 0.64609375 0.71484375 0.0984375 0.171875
6 0.6984375 0.73515625 0.1078125 0.1875
6 0.8328125 0.6359375 0.1046875 0.1671875
6 0.80546875 0.5203125 0.08125 0.1625
6 0.88828125 0.5203125 0.0703125 0.115625
6 0.9484375 0.57421875 0.0859375 0.1515625
5 0.31015625 0.44609375 0.0921875 0.1421875