6 0.59140625 0.21328125 0.1046875 0.040625
6 0.625 0.32421875 0.0921875 0.040625
6 0.653125 0.37890625 0.1 0.040625
6 0.5640625 0.42109375 0.115625 0.0515625
6 0.66484375 0.53515625 0.125 0.040625
6 0.6328125 0.5953125 0.1546875 0.0453125
6 0.5453125 0.5765625 0.1125 0.0421875
6 0.49375 0.6734375 0.1515625 0.0609375
6 0.4046875 0.55 0.1078125 0.0484375
6 0.4109375 0.25546875 0.10625 0.0359375
3 0.49375 0.265625 0.0921875 0.0421875
6 0.07890625 0.646875 0.1375 0.053125
6 0.29140625 0.68671875 0.128125 0.0640625
5 0.51171875 0.965625 0.1296875 0.06875
6 0.6640625 0.3 0.109375 0.0421875