3 0.66953125 0.4703125 0.06875 0.140625
6 0.62109375 0.31484375 0.0453125 0.096875
6 0.61484375 0.3609375 0.0484375 0.1046875
6 0.69921875 0.52109375 0.05625 0.121875
6 0.72421875 0.7171875 0.0671875 0.140625
6 0.50234375 0.36328125 0.053125 0.10625
6 0.45078125 0.30078125 0.0640625 0.1125
6 0.3265625 0.303125 0.0546875 0.115625
6 0.3265625 0.3203125 0.0546875 0.1015625
6 0.25703125 0.3359375 0.0578125 0.125
6 0.159375 0.30625 0.0546875 0.090625
6 0.14296875 0.3515625 0.0671875 0.1125
6 0.12890625 0.3921875 0.0796875 0.1296875
6 0.32890625 0.48515625 0.059375 0.128125
6 0.3890625 0.475 0.053125 0.1265625
6 0.9203125 0.40703125 0.0421875 0.0953125
4 0.8984375 0.44453125 0.028125 0.0328125
6 0.91640625 0.59453125 0.0671875 0.1359375
5 0.096875 0.17734375 0.065625 0.134375
6 0.36171875 0.83203125 0.103125 0.19375