6 0.39765625 0.1 0.109375 0.028125
6 0.2671875 0.27421875 0.1328125 0.0359375
6 0.4734375 0.28046875 0.0796875 0.021875
4 0.440625 0.30703125 0.015625 0.0109375
3 0.375 0.33515625 0.0984375 0.0265625
6 0.45625 0.4515625 0.0859375 0.01875
6 0.33828125 0.48359375 0.0890625 0.01875
6 0.290625 0.575 0.0828125 0.03125
6 0.41640625 0.51015625 0.090625 0.0171875
6 0.45 0.48984375 0.0734375 0.021875
6 0.47109375 0.49453125 0.071875 0.0140625
6 0.4453125 0.52734375 0.1015625 0.015625
6 0.459375 0.54296875 0.0828125 0.0265625
6 0.396875 0.57421875 0.0984375 0.015625
6 0.4015625 0.62265625 0.0875 0.0171875
6 0.43046875 0.66875 0.0921875 0.0328125
6 0.415625 0.7015625 0.103125 0.025
6 0.39453125 0.73046875 0.0890625 0.01875
5 0.45390625 0.7171875 0.065625 0.034375