6 0.04921875 0.69453125 0.0734375 0.1828125
6 0.115625 0.62109375 0.071875 0.1609375
6 0.1078125 0.53203125 0.05 0.1203125
6 0.27734375 0.4671875 0.065625 0.1234375
6 0.19296875 0.38515625 0.05625 0.134375
6 0.3453125 0.621875 0.0515625 0.1390625
6 0.4640625 0.6046875 0.0734375 0.1734375
6 0.66328125 0.7640625 0.0578125 0.1421875
6 0.80859375 0.60390625 0.06875 0.15
6 0.490625 0.4921875 0.0625 0.153125
6 0.45546875 0.4328125 0.0484375 0.1140625
6 0.39921875 0.41015625 0.034375 0.08125
6 0.39140625 0.52734375 0.06875 0.103125
6 0.33515625 0.47421875 0.0453125 0.1046875
6 0.37421875 0.4484375 0.05 0.0953125
6 0.415625 0.48984375 0.0453125 0.1203125
5 0.58515625 0.38984375 0.0734375 0.1328125