6 0.44453125 0.2265625 0.0953125 0.0953125
3 0.3984375 0.27890625 0.08125 0.08125
6 0.4234375 0.33203125 0.084375 0.084375
6 0.509375 0.3984375 0.08125 0.08125
6 0.48828125 0.4515625 0.0828125 0.08125
6 0.55 0.45859375 0.0921875 0.05
6 0.50234375 0.503125 0.0828125 0.084375
6 0.434375 0.48984375 0.084375 0.0828125
6 0.4796875 0.56328125 0.078125 0.078125
6 0.4546875 0.5953125 0.08125 0.0796875
6 0.46640625 0.6078125 0.096875 0.096875
6 0.43828125 0.6421875 0.0703125 0.06875
6 0.34765625 0.6609375 0.1234375 0.0625
6 0.4171875 0.74765625 0.125 0.0609375
5 0.52421875 0.75234375 0.084375 0.0828125