6 0.54765625 0.5453125 0.0484375 0.1046875
6 0.459375 0.59296875 0.0453125 0.0953125
6 0.375 0.634375 0.0421875 0.1078125
6 0.328125 0.61953125 0.0359375 0.109375
6 0.38671875 0.6703125 0.0328125 0.0921875
6 0.453125 0.6265625 0.0515625 0.0890625
4 0.525 0.58984375 0.015625 0.0265625
6 0.78515625 0.32109375 0.04375 0.1328125
6 0.94609375 0.10859375 0.0515625 0.1609375
6 0.0546875 0.64296875 0.0421875 0.1015625
3 0.06328125 0.51328125 0.05625 0.13125
6 0.13984375 0.69453125 0.0328125 0.0953125
6 0.22734375 0.734375 0.0359375 0.090625