6 0.49375 0.221875 0.1515625 0.0875
6 0.33203125 0.40078125 0.1828125 0.1078125
3 0.5375 0.31953125 0.1328125 0.0703125
6 0.5921875 0.2578125 0.1375 0.084375
6 0.67578125 0.3234375 0.1046875 0.0640625
6 0.62890625 0.34609375 0.1 0.08125
6 0.7203125 0.39140625 0.1109375 0.0828125
6 0.68203125 0.4453125 0.1296875 0.0859375
6 0.64375 0.41484375 0.1234375 0.0703125
6 0.62734375 0.5625 0.1328125 0.0640625
6 0.56015625 0.52109375 0.1359375 0.06875
6 0.421875 0.703125 0.16875 0.09375
6 0.409375 0.96015625 0.178125 0.0796875
6 0.60703125 0.92265625 0.1640625 0.0890625
6 0.61640625 0.96796875 0.1640625 0.0640625
6 0.65625 0.7921875 0.15 0.0890625
6 0.6828125 0.7671875 0.1109375 0.065625
6 0.62265625 0.7359375 0.153125 0.084375
6 0.6875 0.675 0.1375 0.078125