5 0.83828125 0.390625 0.034375 0.059375
6 0.703125 0.44375 0.03125 0.096875
6 0.815625 0.7 0.040625 0.13125
6 0.62109375 0.81328125 0.0546875 0.178125
6 0.65859375 0.53515625 0.034375 0.096875
6 0.640625 0.46796875 0.0359375 0.1
3 0.453125 0.59609375 0.0390625 0.115625
6 0.52421875 0.56796875 0.0375 0.11875
6 0.34375 0.4484375 0.028125 0.09375
6 0.41015625 0.5625 0.025 0.1140625
6 0.34296875 0.64296875 0.034375 0.121875
6 0.2640625 0.69921875 0.0296875 0.13125
6 0.09296875 0.640625 0.034375 0.1328125
6 0.1015625 0.47265625 0.0375 0.11875
6 0.171875 0.3703125 0.03125 0.06875
3 0.17578125 0.29375 0.0140625 0.04375