6 0.0828125 0.284375 0.121875 0.04375
6 0.49609375 0.48203125 0.096875 0.05
6 0.47421875 0.20703125 0.0828125 0.03125
6 0.57109375 0.21171875 0.078125 0.028125
6 0.61875 0.315625 0.0828125 0.0296875
6 0.6390625 0.434375 0.0734375 0.025
6 0.59765625 0.5375 0.0734375 0.021875
6 0.55703125 0.68984375 0.0984375 0.0390625
6 0.6375 0.6484375 0.0796875 0.0390625
6 0.7234375 0.5453125 0.0671875 0.021875
6 0.75859375 0.76484375 0.0640625 0.0265625
6 0.671875 0.81484375 0.0765625 0.025
6 0.5953125 0.81328125 0.0890625 0.0359375
6 0.28515625 0.84296875 0.1265625 0.04375
3 0.6828125 0.6921875 0.0734375 0.0265625
4 0.5578125 0.28046875 0.028125 0.0125
6 0.628125 0.22265625 0.0796875 0.0328125
6 0.7296875 0.4484375 0.0578125 0.0171875
6 0.75625 0.4359375 0.034375 0.0140625