6 0.40390625 0.50546875 0.1328125 0.0640625
6 0.45078125 0.29375 0.125 0.0515625
6 0.41640625 0.19765625 0.1203125 0.0609375
6 0.30234375 0.071875 0.134375 0.053125
6 0.40234375 0.0421875 0.11875 0.053125
6 0.4078125 0.39609375 0.14375 0.0625
6 0.403125 0.43515625 0.1234375 0.053125
6 0.49609375 0.2546875 0.109375 0.046875
6 0.509375 0.14609375 0.1046875 0.053125
6 0.5171875 0.11015625 0.10625 0.05625
6 0.534375 0.078125 0.0984375 0.059375
5 0.54296875 0.48828125 0.071875 0.0390625
4 0.446875 0.6203125 0.0234375 0.0125
3 0.52890625 0.009375 0.1078125 0.01875