5 0.91640625 0.56015625 0.078125 0.078125
3 0.39921875 0.321875 0.065625 0.1046875
6 0.8609375 0.3265625 0.0734375 0.0734375
6 0.803125 0.39296875 0.059375 0.084375
6 0.6546875 0.453125 0.078125 0.075
6 0.6984375 0.30703125 0.0890625 0.1328125
6 0.615625 0.33359375 0.0609375 0.0953125
6 0.478125 0.3953125 0.08125 0.1171875
6 0.43359375 0.42265625 0.0609375 0.1171875
6 0.47109375 0.51953125 0.046875 0.0484375
6 0.30703125 0.5015625 0.0515625 0.0515625
6 0.3484375 0.37578125 0.071875 0.0734375
6 0.2953125 0.2484375 0.0609375 0.125
6 0.21796875 0.1296875 0.1078125 0.1078125
6 0.1984375 0.25 0.1 0.1015625
6 0.134375 0.32890625 0.1 0.1
6 0.0859375 0.29765625 0.0671875 0.1078125
6 0.178125 0.421875 0.05 0.06875
4 0.76640625 0.29765625 0.021875 0.0234375
6 0.7875 0.28671875 0.10625 0.1046875