6 0.1875 0.45390625 0.084375 0.1578125
6 0.54296875 0.6453125 0.0796875 0.15625
6 0.871875 0.61015625 0.0734375 0.1765625
6 0.91953125 0.49296875 0.075 0.1625
6 0.96953125 0.44296875 0.0609375 0.1390625
6 0.934375 0.334375 0.0671875 0.1546875
6 0.715625 0.365625 0.059375 0.14375
6 0.68828125 0.3890625 0.059375 0.1484375
6 0.52734375 0.521875 0.0609375 0.1421875
6 0.58515625 0.39375 0.0546875 0.1203125
6 0.4890625 0.40859375 0.059375 0.1484375
6 0.5296875 0.42265625 0.046875 0.121875
5 0.3125 0.275 0.0546875 0.128125
3 0.57265625 0.18125 0.05 0.0890625
3 0.8265625 0.54609375 0.0625 0.15625