5 0.4171875 0.409375 0.034375 0.078125
6 0.2328125 0.5796875 0.034375 0.1296875
6 0.28984375 0.53984375 0.040625 0.096875
6 0.28984375 0.61875 0.046875 0.121875
6 0.56640625 0.58203125 0.0375 0.121875
6 0.5109375 0.54140625 0.040625 0.13125
6 0.45703125 0.4609375 0.040625 0.1015625
6 0.575 0.43203125 0.0234375 0.1
6 0.60703125 0.42734375 0.0203125 0.096875
6 0.646875 0.49453125 0.0328125 0.1046875
6 0.7828125 0.403125 0.0328125 0.103125
6 0.80859375 0.4734375 0.0375 0.1171875
6 0.96328125 0.38984375 0.0296875 0.1015625
6 0.9890625 0.42578125 0.021875 0.103125
3 0.86015625 0.60859375 0.0546875 0.1453125