5 0.1578125 0.42109375 0.090625 0.140625
6 0.3265625 0.29921875 0.0828125 0.1640625
6 0.434375 0.2953125 0.1109375 0.1828125
6 0.3828125 0.45625 0.0765625 0.153125
6 0.55546875 0.275 0.103125 0.175
6 0.44921875 0.42578125 0.0703125 0.1375
6 0.4734375 0.51640625 0.0734375 0.1390625
6 0.52734375 0.52421875 0.084375 0.15
6 0.5546875 0.6421875 0.0828125 0.171875
6 0.6234375 0.71640625 0.078125 0.1453125
6 0.8484375 0.4203125 0.0890625 0.1453125
6 0.75859375 0.2203125 0.0984375 0.1796875
6 0.825 0.64609375 0.0640625 0.146875
6 0.70859375 0.6125 0.0671875 0.1203125
3 0.76484375 0.53125 0.06875 0.1234375
3 0.57578125 0.79609375 0.0609375 0.0859375
4 0.79375 0.61328125 0.0546875 0.0984375