6 0.67109375 0.77265625 0.15625 0.071875
6 0.640625 0.69765625 0.1328125 0.0578125
6 0.721875 0.575 0.1890625 0.059375
6 0.89296875 0.459375 0.1765625 0.0671875
6 0.83671875 0.21875 0.115625 0.0484375
6 0.53984375 0.21015625 0.1625 0.040625
6 0.3890625 0.25078125 0.1265625 0.0515625
6 0.38046875 0.28984375 0.1078125 0.0453125
6 0.4140625 0.38125 0.10625 0.0515625
6 0.3921875 0.41875 0.1515625 0.040625
6 0.4109375 0.45625 0.115625 0.0484375
6 0.4859375 0.51015625 0.115625 0.05
6 0.428125 0.53359375 0.084375 0.0203125
6 0.471875 0.59921875 0.103125 0.0453125
6 0.89375 0.01328125 0.16875 0.0265625
6 0.58046875 0.0203125 0.1296875 0.040625
3 0.5625 0.36953125 0.1734375 0.05625
3 0.15625 0.20625 0.065625 0.0140625
5 0.43671875 0.66953125 0.121875 0.0828125