4 0.62421875 0.36953125 0.0453125 0.0359375
6 0.61796875 0.21875 0.1421875 0.0640625
6 0.43203125 0.37578125 0.153125 0.0671875
6 0.45078125 0.40625 0.15 0.078125
6 0.13984375 0.3546875 0.2203125 0.090625
6 0.58515625 0.6625 0.153125 0.0671875
6 0.7359375 0.73125 0.1203125 0.05625
6 0.76328125 0.73359375 0.125 0.0578125
6 0.78203125 0.76796875 0.1421875 0.06875
6 0.74140625 0.9390625 0.165625 0.0671875
6 0.5953125 0.828125 0.1484375 0.06875
6 0.39921875 0.95234375 0.1734375 0.071875
6 0.33125 0.9265625 0.18125 0.0828125
6 0.7390625 0.5078125 0.1125 0.04375
6 0.75078125 0.47734375 0.0953125 0.0515625