4 0.315625 0.309375 0.0359375 0.0234375
5 0.409375 0.375 0.1046875 0.04375
6 0.32421875 0.41328125 0.1296875 0.034375
6 0.2265625 0.44765625 0.1765625 0.0484375
6 0.3296875 0.5203125 0.1640625 0.040625
6 0.371875 0.54765625 0.175 0.0390625
6 0.36015625 0.5765625 0.1453125 0.0359375
6 0.30859375 0.715625 0.1546875 0.0671875
3 0.12109375 0.540625 0.2015625 0.0484375
6 0.43515625 0.87890625 0.1265625 0.040625
6 0.365625 0.89921875 0.1765625 0.0375
6 0.44140625 0.9625 0.1359375 0.0546875
6 0.3265625 0.9546875 0.1390625 0.0703125