6 0.84765625 0.79453125 0.121875 0.0453125
6 0.50234375 0.48515625 0.1 0.0375
6 0.72890625 0.26484375 0.109375 0.040625
6 0.6125 0.1234375 0.096875 0.0359375
6 0.4703125 0.196875 0.0875 0.0296875
6 0.390625 0.17890625 0.0796875 0.03125
6 0.3078125 0.225 0.0671875 0.03125
6 0.46796875 0.30625 0.09375 0.034375
6 0.39296875 0.32109375 0.0640625 0.0234375
6 0.4078125 0.4859375 0.0609375 0.0265625
6 0.35 0.48046875 0.05625 0.0265625
6 0.296875 0.4421875 0.0609375 0.0265625
6 0.25390625 0.53984375 0.046875 0.021875
6 0.3453125 0.64296875 0.0734375 0.0359375
6 0.459375 0.73671875 0.084375 0.0296875
6 0.371875 0.7578125 0.078125 0.021875
6 0.32734375 0.72890625 0.0796875 0.03125
3 0.34765625 0.325 0.059375 0.01875
4 0.40390625 0.565625 0.0203125 0.0125