6 0.55625 0.96953125 0.2125 0.0609375
6 0.4828125 0.59453125 0.2390625 0.0875
5 0.42265625 0.34609375 0.1515625 0.1125
4 0.3140625 0.47734375 0.0859375 0.0609375
3 0.69453125 0.49140625 0.178125 0.0671875
6 0.85625 0.63046875 0.11875 0.0703125
6 0.8609375 0.57578125 0.1328125 0.053125
6 0.9609375 0.303125 0.078125 0.05625
6 0.9296875 0.240625 0.140625 0.053125
6 0.7453125 0.16953125 0.1875 0.0875
6 0.6734375 0.29765625 0.2015625 0.0828125
6 0.59453125 0.3109375 0.2 0.075
6 0.5375 0.246875 0.18125 0.1125
6 0.55078125 0.21171875 0.215625 0.103125
6 0.5640625 0.1140625 0.184375 0.0984375