5 0.45546875 0.09765625 0.1125 0.05625
3 0.19921875 0.80546875 0.0890625 0.0296875
3 0.553125 0.80390625 0.1640625 0.0390625
6 0.4515625 0.35546875 0.1078125 0.034375
6 0.45546875 0.403125 0.1078125 0.034375
6 0.3796875 0.50390625 0.1203125 0.034375
6 0.31171875 0.628125 0.0953125 0.0359375
6 0.33046875 0.66953125 0.1109375 0.034375
6 0.27578125 0.86796875 0.0984375 0.0359375
6 0.40703125 0.9625 0.1390625 0.0390625
6 0.52578125 0.86484375 0.15 0.0484375
6 0.5359375 0.6515625 0.1328125 0.040625
6 0.51484375 0.6828125 0.1265625 0.04375
6 0.74296875 0.46171875 0.1890625 0.04375
6 0.84296875 0.346875 0.1546875 0.0484375
6 0.70859375 0.16796875 0.153125 0.0515625
6 0.5375 0.3640625 0.1453125 0.0546875
4 0.52421875 0.66328125 0.0171875 0.0171875