6 0.03359375 0.72421875 0.0671875 0.0390625
6 0.08203125 0.76171875 0.103125 0.0265625
6 0.14375 0.54296875 0.1296875 0.0328125
6 0.45546875 0.49296875 0.14375 0.04375
6 0.5125 0.346875 0.1390625 0.040625
6 0.66796875 0.38203125 0.1390625 0.059375
6 0.440625 0.64921875 0.096875 0.0390625
4 0.52109375 0.6765625 0.0296875 0.015625
6 0.59609375 0.696875 0.1125 0.0453125
6 0.5421875 0.78515625 0.128125 0.0328125
6 0.559375 0.81875 0.115625 0.0359375
6 0.62890625 0.878125 0.153125 0.05
6 0.6421875 0.9359375 0.15 0.046875
5 0.8234375 0.61875 0.1453125 0.0625