5 0.484375 0.4515625 0.0546875 0.05625
6 0.425 0.64453125 0.0484375 0.15625
6 0.54140625 0.51875 0.01875 0.1328125
6 0.59296875 0.490625 0.034375 0.1453125
4 0.5578125 0.4265625 0.01875 0.05
6 0.65078125 0.69921875 0.028125 0.1765625
6 0.79609375 0.8203125 0.0421875 0.18125
6 0.85546875 0.47109375 0.0375 0.13125
6 0.87421875 0.41484375 0.0453125 0.11875
6 0.94921875 0.44296875 0.0578125 0.11875
6 0.91640625 0.49140625 0.028125 0.090625
6 0.96796875 0.56953125 0.046875 0.1359375
6 0.87265625 0.5140625 0.05625 0.04375