6 0.61796875 0.6453125 0.1421875 0.0390625
6 0.6671875 0.6953125 0.128125 0.0484375
6 0.4984375 0.3203125 0.109375 0.0390625
6 0.6390625 0.29921875 0.14375 0.0421875
6 0.66328125 0.346875 0.128125 0.040625
6 0.028125 0.75703125 0.05625 0.0421875
3 0.66640625 0.8234375 0.1328125 0.0421875
6 0.39609375 0.49453125 0.153125 0.0390625
6 0.31484375 0.6859375 0.1703125 0.05625
6 0.32265625 0.5890625 0.153125 0.034375
6 0.4203125 0.575 0.10625 0.0359375
5 0.2140625 0.409375 0.1546875 0.05
6 0.38359375 0.725 0.1515625 0.0421875
6 0.01796875 0.8265625 0.0359375 0.046875
6 0.3515625 0.5421875 0.09375 0.028125
6 0.39609375 0.33515625 0.1609375 0.0453125