3 0.5328125 0.32578125 0.1234375 0.04375
6 0.3953125 0.275 0.0921875 0.046875
6 0.2734375 0.20546875 0.0984375 0.0359375
6 0.33359375 0.0609375 0.1078125 0.04375
6 0.30234375 0.33828125 0.078125 0.0328125
6 0.3984375 0.4140625 0.0984375 0.0296875
4 0.4046875 0.43125 0.0375 0.0171875
6 0.48125 0.5375 0.1234375 0.046875
6 0.396875 0.521875 0.096875 0.0203125
6 0.403125 0.53984375 0.1015625 0.0265625
6 0.44453125 0.60546875 0.1078125 0.034375
6 0.48515625 0.6609375 0.1109375 0.028125
6 0.49609375 0.7484375 0.1265625 0.040625
6 0.5453125 0.8828125 0.1140625 0.04375
5 0.3796875 0.80703125 0.0921875 0.0296875
6 0.46328125 0.02109375 0.1234375 0.0421875
6 0.665625 0.00625 0.140625 0.0125