6 0.52421875 0.5625 0.0453125 0.1484375
6 0.33125 0.5859375 0.053125 0.125
6 0.17421875 0.53125 0.0546875 0.1734375
6 0.0765625 0.33125 0.04375 0.1671875
6 0.25703125 0.19765625 0.059375 0.15625
6 0.6609375 0.35859375 0.0515625 0.1671875
6 0.9171875 0.41328125 0.0484375 0.1640625
6 0.809375 0.496875 0.0453125 0.15625
6 0.50078125 0.4609375 0.0453125 0.1296875
6 0.43203125 0.42734375 0.05 0.1515625
3 0.60625 0.303125 0.0453125 0.1390625
6 0.3671875 0.5765625 0.0359375 0.0953125
4 0.39296875 0.55703125 0.0171875 0.028125
5 0.4828125 0.88203125 0.075 0.1640625