6 0.56484375 0.13515625 0.134375 0.0671875
6 0.3359375 0.078125 0.128125 0.0734375
6 0.36796875 0.38125 0.109375 0.0578125
6 0.28515625 0.4171875 0.10625 0.053125
6 0.3484375 0.51640625 0.096875 0.04375
6 0.46640625 0.44609375 0.103125 0.0515625
6 0.60390625 0.64765625 0.109375 0.0515625
6 0.42734375 0.62421875 0.1 0.05625
6 0.4140625 0.70546875 0.1 0.0453125
6 0.5515625 0.76640625 0.1203125 0.0640625
6 0.66484375 0.7359375 0.128125 0.05
6 0.55234375 0.68515625 0.0953125 0.0375
4 0.33828125 0.42578125 0.0171875 0.0140625
3 0.3609375 0.1203125 0.1125 0.059375