5 0.90546875 0.6109375 0.0828125 0.0828125
3 0.42109375 0.3109375 0.075 0.10625
6 0.8796875 0.371875 0.0796875 0.0796875
6 0.8140625 0.43046875 0.065625 0.0859375
6 0.659375 0.471875 0.0828125 0.08125
6 0.7203125 0.3328125 0.1015625 0.1359375
6 0.63515625 0.34921875 0.0703125 0.096875
6 0.49140625 0.39375 0.090625 0.121875
6 0.44296875 0.41484375 0.071875 0.1171875
6 0.46875 0.515625 0.05 0.0515625
6 0.30859375 0.478125 0.05625 0.05625
6 0.36484375 0.35859375 0.078125 0.0796875
6 0.328125 0.225 0.0734375 0.125
6 0.26484375 0.09765625 0.115625 0.115625
6 0.23125 0.21484375 0.1078125 0.109375
6 0.1578125 0.2859375 0.1078125 0.1078125
6 0.1140625 0.24921875 0.0765625 0.109375
6 0.18984375 0.38359375 0.05625 0.071875
4 0.7890625 0.33203125 0.0234375 0.025
6 0.8109375 0.3234375 0.1140625 0.1125