5 0.33359375 0.5 0.0484375 0.08125
6 0.39375 0.74375 0.0453125 0.1546875
6 0.5328125 0.69453125 0.0484375 0.1421875
6 0.5703125 0.54453125 0.0328125 0.1265625
6 0.6796875 0.6125 0.0546875 0.1515625
6 0.71015625 0.496875 0.0234375 0.1171875
6 0.784375 0.43515625 0.034375 0.1171875
6 0.45078125 0.71015625 0.0296875 0.1046875
6 0.86015625 0.71484375 0.04375 0.1453125
6 0.96015625 0.484375 0.0453125 0.1234375
3 0.87734375 0.2390625 0.0328125 0.065625
3 0.64921875 0.7765625 0.065625 0.15625
6 0.45625 0.6171875 0.034375 0.075