5 0.7890625 0.71015625 0.1375 0.0359375
6 0.74921875 0.890625 0.146875 0.040625
3 0.45078125 0.9140625 0.1390625 0.0390625
6 0.4453125 0.78671875 0.1609375 0.034375
6 0.32890625 0.79453125 0.1796875 0.04375
6 0.596875 0.58046875 0.13125 0.028125
6 0.43515625 0.60234375 0.121875 0.04375
4 0.29375 0.6515625 0.0546875 0.0265625
6 0.309375 0.584375 0.1515625 0.04375
6 0.29375 0.5078125 0.14375 0.04375
6 0.38125 0.38671875 0.1453125 0.040625
6 0.37578125 0.3265625 0.1515625 0.04375
6 0.31875 0.3203125 0.1375 0.0515625
6 0.4734375 0.23515625 0.1640625 0.0484375
6 0.38984375 0.196875 0.1640625 0.0359375