6 0.56640625 0.9625 0.0921875 0.075
6 0.515625 0.76484375 0.0671875 0.065625
6 0.68359375 0.4 0.1296875 0.0390625
6 0.62890625 0.5796875 0.078125 0.078125
6 0.50859375 0.6765625 0.0921875 0.0296875
6 0.53828125 0.60625 0.0609375 0.059375
6 0.53984375 0.5796875 0.059375 0.059375
6 0.5234375 0.54453125 0.053125 0.0515625
6 0.5390625 0.49453125 0.103125 0.0265625
6 0.5796875 0.465625 0.096875 0.028125
6 0.54609375 0.45 0.05 0.0515625
6 0.5375 0.390625 0.0875 0.0125
6 0.5734375 0.35859375 0.0828125 0.025
6 0.60390625 0.3515625 0.096875 0.0390625
5 0.53828125 0.3140625 0.0578125 0.059375
3 0.596875 0.74765625 0.0875 0.025
6 0.70859375 0.80078125 0.0859375 0.084375