4 0.28046875 0.50234375 0.0484375 0.028125
6 0.59140625 0.678125 0.1984375 0.0765625
6 0.36171875 0.75390625 0.1640625 0.0484375
6 0.27734375 0.75859375 0.1359375 0.0484375
6 0.48203125 0.4921875 0.171875 0.0796875
6 0.42265625 0.40390625 0.2125 0.084375
6 0.653125 0.3453125 0.1703125 0.0640625
6 0.75078125 0.15546875 0.1890625 0.071875
6 0.565625 0.0796875 0.159375 0.084375
6 0.4984375 0.2375 0.1453125 0.0515625
6 0.3984375 0.2640625 0.1375 0.046875
6 0.5984375 0.028125 0.1515625 0.05625
6 0.45390625 0.16171875 0.1890625 0.06875
6 0.45859375 0.1890625 0.1421875 0.0453125
6 0.22421875 0.58984375 0.115625 0.046875
6 0.3109375 0.56953125 0.1265625 0.0421875
6 0.2828125 0.54609375 0.121875 0.0546875
3 0.38671875 0.6609375 0.2140625 0.08125