6 0.22890625 0.65 0.0671875 0.1640625
6 0.2703125 0.60390625 0.065625 0.1609375
6 0.3125 0.58046875 0.0578125 0.140625
6 0.346875 0.59609375 0.0734375 0.1546875
6 0.39765625 0.5828125 0.059375 0.1453125
6 0.3734375 0.4859375 0.0484375 0.0765625
6 0.45390625 0.503125 0.075 0.1515625
6 0.46796875 0.6109375 0.078125 0.1796875
6 0.61171875 0.48359375 0.06875 0.1515625
6 0.6453125 0.39296875 0.0640625 0.13125
6 0.61484375 0.41328125 0.0796875 0.1671875
6 0.76171875 0.3265625 0.0546875 0.1078125
4 0.75546875 0.3703125 0.028125 0.034375
3 0.80859375 0.4640625 0.06875 0.1390625
6 0.734375 0.4171875 0.0640625 0.146875
6 0.67109375 0.34375 0.03125 0.059375
6 0.684375 0.4109375 0.046875 0.1078125
6 0.7140625 0.52109375 0.0796875 0.1609375
6 0.84921875 0.51328125 0.0859375 0.1640625
6 0.99140625 0.6796875 0.0171875 0.184375
5 0.271875 0.5140625 0.0578125 0.1296875