6 0.3515625 0.421875 0.1109375 0.0484375
6 0.7390625 0.06484375 0.1078125 0.0296875
6 0.81171875 0.3875 0.1171875 0.0421875
6 0.6109375 0.5703125 0.1171875 0.0375
6 0.634375 0.62421875 0.1265625 0.0390625
6 0.65703125 0.759375 0.1046875 0.0265625
6 0.44765625 0.82265625 0.1421875 0.0421875
6 0.3890625 0.76328125 0.1421875 0.040625
6 0.53203125 0.71640625 0.1140625 0.0359375
6 0.3515625 0.63828125 0.1234375 0.0359375
6 0.42578125 0.5828125 0.1046875 0.0328125
6 0.45859375 0.6125 0.0953125 0.028125
4 0.346875 0.58125 0.034375 0.0234375
3 0.55390625 0.32890625 0.1328125 0.04375