6 0.034375 0.82578125 0.06875 0.1484375
6 0.12734375 0.60390625 0.090625 0.1578125
6 0.2296875 0.740625 0.096875 0.2140625
6 0.353125 0.79453125 0.06875 0.1296875
6 0.42578125 0.6578125 0.05625 0.10625
6 0.45703125 0.7109375 0.0546875 0.10625
6 0.55 0.6921875 0.078125 0.1171875
6 0.59453125 0.6796875 0.078125 0.1375
6 0.5390625 0.58125 0.0671875 0.1203125
6 0.45703125 0.51015625 0.0796875 0.1359375
6 0.22421875 0.41484375 0.0609375 0.1046875
5 0.634375 0.515625 0.0640625 0.109375
6 0.48203125 0.46640625 0.04375 0.096875