5 0.70546875 0.53984375 0.090625 0.265625
6 0.62265625 0.45546875 0.034375 0.1109375
6 0.58828125 0.4734375 0.03125 0.134375
6 0.49140625 0.47890625 0.040625 0.184375
6 0.47421875 0.43125 0.028125 0.10625
6 0.40078125 0.42578125 0.03125 0.09375
3 0.35546875 0.44453125 0.025 0.1109375
6 0.31484375 0.47109375 0.025 0.115625
6 0.32109375 0.421875 0.021875 0.084375
6 0.25859375 0.5296875 0.075 0.3
6 0.19296875 0.43046875 0.021875 0.071875
6 0.14453125 0.4265625 0.015625 0.078125
6 0.07734375 0.4984375 0.06875 0.225