6 0.64453125 0.390625 0.0984375 0.034375
6 0.57734375 0.303125 0.1078125 0.021875
6 0.540625 0.4921875 0.1 0.046875
6 0.4515625 0.6125 0.1125 0.03125
6 0.259375 0.58203125 0.140625 0.0390625
6 0.5234375 0.5984375 0.1171875 0.0375
6 0.646875 0.253125 0.109375 0.0375
6 0.70859375 0.14765625 0.109375 0.0296875
6 0.6140625 0.0703125 0.11875 0.03125
6 0.61484375 0.12890625 0.1203125 0.0328125
6 0.49609375 0.65546875 0.11875 0.046875
6 0.6171875 0.2984375 0.0859375 0.040625
4 0.59453125 0.43046875 0.0203125 0.0140625
5 0.60390625 0.73671875 0.1015625 0.0484375
6 0.2890625 0.0203125 0.1453125 0.03125