6 0.29375 0.2765625 0.125 0.040625
6 0.284375 0.3625 0.1296875 0.0375
6 0.1875 0.5453125 0.1296875 0.0359375
6 0.3609375 0.5609375 0.1109375 0.034375
6 0.49296875 0.4578125 0.1015625 0.040625
6 0.4765625 0.565625 0.10625 0.0375
6 0.27578125 0.67265625 0.115625 0.0515625
6 0.55703125 0.33828125 0.09375 0.0390625
6 0.6421875 0.37421875 0.08125 0.025
6 0.72109375 0.275 0.071875 0.0296875
6 0.33203125 0.0140625 0.1140625 0.0265625
6 0.05 0.0640625 0.1 0.053125
3 0.4953125 0.27890625 0.084375 0.0296875
3 0.10546875 0.7328125 0.128125 0.040625
4 0.33125 0.7609375 0.028125 0.021875
5 0.54140625 0.9421875 0.0796875 0.028125