5 0.8984375 0.36484375 0.0796875 0.0796875
3 0.32890625 0.3875 0.0703125 0.10625
6 0.74296875 0.18203125 0.0765625 0.0765625
6 0.72109375 0.26640625 0.0625 0.0859375
6 0.61640625 0.38828125 0.0796875 0.078125
6 0.5890625 0.23828125 0.0953125 0.134375
6 0.528125 0.29921875 0.065625 0.0953125
6 0.43359375 0.41640625 0.0859375 0.11875
6 0.40546875 0.46171875 0.065625 0.1171875
6 0.4828125 0.53046875 0.0484375 0.05
6 0.32890625 0.5890625 0.053125 0.053125
6 0.30859375 0.45859375 0.075 0.0765625
6 0.203125 0.36796875 0.065625 0.125
6 0.08046875 0.29765625 0.1109375 0.1109375
6 0.11796875 0.4140625 0.103125 0.1046875
6 0.096875 0.51328125 0.103125 0.103125
6 0.0390625 0.5078125 0.071875 0.109375
6 0.17734375 0.5765625 0.053125 0.0703125
4 0.64609375 0.19921875 0.0234375 0.0234375
6 0.659375 0.1796875 0.1109375 0.1078125