6 0.246875 0.74375 0.0984375 0.0984375
6 0.29140625 0.68359375 0.0765625 0.0765625
6 0.33046875 0.63984375 0.071875 0.0703125
6 0.4296875 0.52578125 0.05625 0.05625
6 0.4484375 0.5796875 0.034375 0.084375
6 0.48125 0.5359375 0.0484375 0.0953125
3 0.47578125 0.60078125 0.06875 0.06875
6 0.603125 0.56796875 0.0515625 0.0484375
6 0.63984375 0.60234375 0.05625 0.05625
6 0.6015625 0.67421875 0.04375 0.0578125
6 0.72578125 0.73671875 0.065625 0.065625
6 0.79375 0.7546875 0.0546875 0.1046875
6 0.77109375 0.71953125 0.071875 0.0734375
6 0.7390625 0.64453125 0.0328125 0.0921875
6 0.7671875 0.6375 0.0859375 0.0859375
6 0.7625 0.67265625 0.0640625 0.065625
5 0.85 0.65546875 0.071875 0.071875