6 0.06015625 0.71796875 0.084375 0.1859375
6 0.12265625 0.640625 0.0796875 0.1609375
6 0.11015625 0.55234375 0.0546875 0.1203125
6 0.2765625 0.47890625 0.0703125 0.125
6 0.18671875 0.4015625 0.0625 0.134375
6 0.3515625 0.6296875 0.0578125 0.1390625
6 0.46953125 0.60625 0.0828125 0.175
6 0.6765625 0.7546875 0.0640625 0.14375
6 0.8140625 0.58828125 0.075 0.15
6 0.490625 0.49296875 0.0703125 0.153125
6 0.45234375 0.43515625 0.053125 0.1140625
6 0.39453125 0.415625 0.0390625 0.08125
6 0.39296875 0.5328125 0.075 0.10625
6 0.334375 0.4828125 0.05 0.1046875
6 0.371875 0.4546875 0.053125 0.0953125
6 0.41484375 0.49375 0.0515625 0.1203125
5 0.5796875 0.38515625 0.0828125 0.134375