6 0.1296875 0.13671875 0.059375 0.0796875
6 0.11171875 0.196875 0.0578125 0.10625
6 0.3375 0.1796875 0.071875 0.1328125
6 0.49140625 0.45625 0.0859375 0.1484375
6 0.6484375 0.459375 0.08125 0.14375
6 0.66875 0.6171875 0.0984375 0.1484375
6 0.33984375 0.49453125 0.0671875 0.103125
4 0.34140625 0.58046875 0.025 0.0328125
6 0.34765625 0.65703125 0.078125 0.1203125
6 0.24609375 0.63671875 0.071875 0.13125
6 0.2203125 0.66484375 0.0703125 0.1203125
6 0.1890625 0.75 0.09375 0.1578125
6 0.1390625 0.7828125 0.090625 0.1546875
5 0.49921875 0.84453125 0.103125 0.1546875