6 0.31484375 0.50234375 0.0375 0.1109375
6 0.3140625 0.67109375 0.028125 0.125
6 0.4265625 0.7359375 0.025 0.1390625
6 0.3484375 0.6125 0.028125 0.11875
6 0.2453125 0.59375 0.0375 0.1125
6 0.1421875 0.5671875 0.034375 0.084375
6 0.01015625 0.53125 0.0140625 0.109375
6 0.1046875 0.61328125 0.01875 0.09375
6 0.1 0.4859375 0.015625 0.1015625
6 0.121875 0.51953125 0.01875 0.0859375
6 0.16484375 0.47109375 0.01875 0.0859375
5 0.728125 0.46796875 0.021875 0.1109375
3 0.19765625 0.40546875 0.03125 0.1015625
4 0.42109375 0.55234375 0.009375 0.0140625
6 0.115625 0.44140625 0.0125 0.0984375