3 0.61484375 0.08515625 0.084375 0.034375
6 0.61953125 0.3125 0.075 0.0296875
6 0.59375 0.47109375 0.0609375 0.0296875
6 0.41796875 0.59609375 0.05625 0.05625
6 0.265625 0.61953125 0.046875 0.046875
6 0.28515625 0.73125 0.0359375 0.0359375
6 0.465625 0.7484375 0.05625 0.0546875
6 0.734375 0.71953125 0.0953125 0.0390625
6 0.359375 0.44375 0.0375 0.0375
6 0.35390625 0.39921875 0.0515625 0.0515625
5 0.2359375 0.284375 0.0375 0.015625
3 0.596875 0.8375 0.071875 0.021875
6 0.5515625 0.82109375 0.05 0.05
6 0.4328125 0.9734375 0.0734375 0.0359375
6 0.54140625 0.95390625 0.05 0.05
6 0.5296875 0.97734375 0.05 0.0453125
6 0.65078125 0.9796875 0.0546875 0.040625
6 0.80859375 0.925 0.0546875 0.05625
6 0.93046875 0.83671875 0.1171875 0.071875