5 0.51640625 0.6890625 0.134375 0.05
3 0.8171875 0.65078125 0.1828125 0.075
4 0.59765625 0.37890625 0.0421875 0.021875
6 0.5328125 0.215625 0.1484375 0.0546875
6 0.4734375 0.04921875 0.1078125 0.0453125
6 0.45390625 0.02109375 0.1171875 0.0421875
6 0.50234375 0.02890625 0.1390625 0.0578125
6 0.71796875 0.24296875 0.153125 0.0671875
6 0.69375 0.3078125 0.1625 0.053125
6 0.69921875 0.3625 0.1515625 0.0484375
6 0.71328125 0.40078125 0.1296875 0.0609375
6 0.796875 0.378125 0.1390625 0.059375
3 0.32734375 0.32109375 0.1296875 0.0484375