5 0.4484375 0.65859375 0.0921875 0.071875
6 0.23515625 0.52578125 0.1609375 0.090625
6 0.325 0.40859375 0.15 0.0890625
6 0.4796875 0.41953125 0.13125 0.0703125
6 0.4484375 0.29453125 0.159375 0.096875
6 0.56796875 0.30078125 0.1203125 0.0609375
6 0.64921875 0.24921875 0.121875 0.06875
6 0.28515625 0.48203125 0.109375 0.0609375
6 0.40703125 0.09140625 0.1515625 0.0859375
6 0.65703125 0.0671875 0.1328125 0.08125
3 0.86484375 0.221875 0.071875 0.0515625
3 0.2828125 0.27265625 0.16875 0.1109375
6 0.375 0.50546875 0.08125 0.05625